FB/MTT/SampleData/Outputs/Barriers_ELLIPSEDIM_C.asc
NCOLS 84
NROWS 94
XLLCORNER -2098.000000
YLLCORNER 3210.000000
CELLSIZE 30.000000
NODATA_VALUE -1
[rows 56 to 83 of 94, columns 0 to 62 of 84]
0.091032 0.077697 0.168463 0.226092 1.824808 1.832685 0.044608 0.027230 0.027839 0.048469 0.035298 0.055956 0.055956 2.323839 0.312202 0.448854 0.747516 0.494602 0.274757 0.511834 0.712368 0.265588 0.033754 0.031286 0.243065 0.258687 0.212693 0.182767 0.146287 0.122881 0.184755 0.683257 0.752438 0.758188 0.401939 0.737208 0.671547 0.306820 0.391250 0.376622 0.406395 0.437548 0.554788 0.599362 0.590132 0.795836 0.733954 0.614489 0.603505 0.442238 0.488013 0.523670 0.473057 0.523970 0.368160 0.406395 0.322631 0.049889 1.027781 0.059587 0.405048 0.916041 0.164026
0.083342 0.206840 0.201156 0.201156 0.182343 1.853576 0.059759 0.027852 0.031911 0.041491 0.035742 0.178909 0.277728 0.492848 0.836539 0.955925 0.520752 0.602850 0.170180 0.640558 0.438484 0.259461 0.123700 0.030665 0.075530 0.304438 0.235816 0.185876 0.184867 0.172029 0.409013 0.688038 0.397325 0.422242 0.824932 0.756820 0.367948 0.358497 0.521230 0.560786 0.654349 0.820146 0.948902 0.943821 0.866822 0.924694 0.920902 0.986311 1.090871 1.063485 0.875945 0.599512 0.498974 0.439251 0.374039 0.303638 1.153402 0.042873 0.980170 1.075374 0.418258 0.978384 0.882300
0.123215 1.145606 0.702402 0.202046 0.835106 0.636196 0.035548 0.028369 0.040362 0.255282 0.209126 0.385896 0.660047 1.042019 1.201332 0.887185 0.325990 0.640340 0.182488 0.732606 0.403880 0.255288 0.163410 0.034737 0.076801 0.329875 0.229998 0.200143 0.338618 0.361620 0.257705 0.368502 0.398475 0.755406 0.758188 0.824932 0.463621 0.530106 0.359625 0.456283 0.613528 0.767022 0.936402 0.915348 0.933363 0.925928 0.994426 1.064865 1.144006 1.144336 0.858230 0.409624 0.400501 0.498439 0.364087 0.239246 0.239246 0.162099 0.035269 0.968118 0.053875 0.057898 0.965159
0.216894 0.636249 0.770541 0.600895 1.894754 0.000000 0.040138 0.030983 0.050103 0.508650 0.461216 0.835015 1.051870 1.114377 0.902744 0.412746 0.333392 0.597085 0.202677 0.726142 0.287317 0.173273 0.204147 0.129464 0.056476 0.327565 0.241767 0.357007 0.379703 0.439218 0.313922 0.399554 0.755406 0.753945 0.824932 0.458964 0.466557 0.390054 0.229914 0.346784 0.466266 1.165784 1.456995 0.765483 0.901082 0.932102 0.994426 0.994426 1.067587 1.145746 1.183507 0.852032 0.546227 0.755320 0.577645 0.348133 0.303583 0.270046 0.035745 0.041498 0.057004 0.057424 0.941630
0.783615 0.115505 0.207748 0.000000 0.000000 0.000000 0.030651 0.244462 2.103400 0.877878 0.844775 2.212325 2.163408 0.787854 0.493444 0.206653 0.363101 0.456936 0.190932 0.543462 0.218488 0.169200 0.236883 0.179236 0.042722 0.073982 0.279444 0.246608 0.248976 0.273388 0.334858 0.651525 0.703143 0.758188 0.636846 0.247086 0.354078 0.310849 0.712141 0.712141 0.532372 1.350270 1.480707 1.219878 1.192854 0.911570 0.520404 0.690706 0.807157 0.256075 1.007249 1.066933 0.244290 0.733092 0.497239 0.324495 0.048640 0.947311 0.151691 0.170226 0.242611 0.058488 0.938329
0.062420 0.077417 0.799356 0.059860 0.060872 0.047151 0.035664 0.279708 0.456321 0.731884 1.044103 1.049518 0.790738 0.456854 0.253597 0.134383 0.304657 0.341838 0.172825 0.425169 0.218488 0.176731 0.304591 0.311882 0.034208 0.050131 0.326461 0.307317 0.589657 0.549113 0.291322 0.335292 0.589657 0.544128 0.503115 0.257899 0.121786 0.361145 0.218386 0.355843 0.544057 0.775504 0.283189 1.717403 1.171356 0.911570 0.097773 0.078236 0.393081 0.497131 0.660410 0.224647 0.875000 0.681492 0.660777 0.352230 0.898023 0.194116 0.048778 0.213991 0.312935 0.067386 0.904821
0.043474 0.079422 0.081900 0.029510 0.027697 0.041470 0.153432 0.213172 0.362072 0.904413 1.051738 0.910789 0.469023 0.475537 0.145339 0.098010 0.223624 0.267145 0.213691 0.340141 0.247511 0.174861 0.174861 0.201403 0.341691 0.285605 0.036221 0.062999 0.328332 0.355570 0.340709 0.339038 0.299677 0.347991 0.314644 0.270940 0.162000 0.180043 0.192180 0.302298 0.489599 0.693613 0.276263 2.480964 2.186281 1.587963 1.766627 1.067909 0.224160 0.074972 0.356468 0.606587 0.195243 1.151785 0.778919 0.529617 0.392169 0.276839 0.241018 0.283435 0.393879 2.814457 0.205232
0.057154 0.082371 0.024217 0.027476 0.034413 0.044288 0.075590 0.376945 0.619048 1.050408 0.987947 0.625020 0.254956 0.142618 0.142618 0.112582 0.082413 0.149747 0.217370 0.274661 0.301357 0.240423 0.149827 0.136536 0.238581 0.341222 0.201569 0.039918 0.300754 0.329973 0.636846 0.289109 0.264413 0.253381 0.256343 0.329999 0.240082 0.150420 0.174072 0.292181 0.516774 2.152346 1.914109 0.000000 0.000000 0.000000 3.146963 1.649647 1.063883 0.964434 0.925495 0.293738 0.979051 1.176951 0.235321 0.821514 0.656244 0.561825 0.491288 0.508566 0.486347 0.284586 0.266400
0.052004 0.030840 0.022792 0.025772 0.034995 0.056078 0.056078 3.335592 0.639550 0.979970 1.922281 0.687876 0.362587 0.177408 0.116928 0.099600 0.096752 0.126108 0.167355 0.241016 0.268710 0.215015 0.135662 0.160719 0.194089 0.284321 0.307677 0.035536 0.055944 0.327886 0.332968 0.292057 0.269695 0.238606 0.194954 0.152759 0.155533 0.161868 0.193473 0.553037 1.102646 2.272570 0.000000 0.000000 0.000000 3.794242 0.000000 0.000000 4.050725 1.110517 0.944874 0.811809 0.786393 1.114238 1.745100 0.992467 0.272175 0.983703 0.924694 0.740132 0.508436 1.021726 0.399202
0.020585 0.025290 0.040045 0.027210 0.034844 0.038705 0.073246 1.127761 0.789081 1.872341 1.651439 0.920257 0.423515 0.258806 0.129654 0.117800 0.115805 0.133212 0.293712 0.235667 0.234888 0.201035 0.173179 0.206653 0.202801 0.243932 0.371854 0.239755 0.034430 0.062866 0.320773 0.281940 0.275612 0.275612 0.227512 0.187514 0.183152 0.185920 0.322366 0.474189 0.768601 2.162108 0.000000 0.000000 0.000000 0.000000 0.000000 0.000000 0.000000 1.741733 1.177729 0.914301 0.750013 1.017467 1.426363 0.855985 1.094601 0.322268 0.322268 1.035002 0.197152 0.583525 0.465378
0.060059 0.080948 0.033852 0.045640 0.042652 0.083375 0.371009 0.511834 0.731884 1.253539 1.880776 1.339077 0.410623 0.145744 0.137259 0.125070 0.121626 0.142033 0.171392 0.196541 0.198200 0.225888 0.216589 0.206653 0.199997 0.226056 0.312469 0.310654 0.167692 0.034731 0.060221 0.043588 0.052893 0.259744 0.233614 0.222269 0.242584 0.192964 0.130505 0.038241 0.063210 0.481752 2.368769 0.000000 0.000000 0.000000 0.000000 0.000000 3.466787 1.442452 1.442452 1.420734 0.046090 1.038566 1.030585 1.134099 1.404125 1.767813 0.873521 0.235643 0.703805 0.684975 0.670645
0.162310 0.068312 0.020515 0.039502 0.071231 0.915637 0.570216 0.487742 0.425191 0.275091 1.137785 1.820132 0.412030 0.182130 0.145836 0.128090 0.145304 0.977802 1.022831 0.173671 1.067377 1.080324 0.058455 0.183979 0.226539 0.252371 0.315581 0.337617 0.261433 0.042596 0.033576 0.136109 0.034749 0.044104 0.044658 0.044295 0.043721 0.134658 0.066762 0.065848 0.053157 0.053157 0.054823 0.105529 1.866916 2.269907 2.311484 2.767674 0.000000 0.000000 1.591107 1.607802 0.074451 1.166032 1.064087 1.059931 1.174063 1.316707 0.544658 0.610597 0.525919 0.600757 0.645830
0.194823 0.032321 0.035158 0.037335 0.079511 0.680846 0.672080 0.614748 0.523190 0.881964 0.192805 0.530106 1.319048 0.333108 0.187845 0.145401 1.009593 1.023928 1.017746 1.016568 0.172080 0.054789 0.055303 0.155157 0.147299 0.174448 0.253602 0.277454 0.262431 0.251406 0.204964 0.414446 0.327531 0.327531 0.264937 0.228619 0.061744 0.075267 0.379307 0.372666 0.370525 0.398909 0.312068 0.049542 0.056057 1.681496 0.620211 0.777158 3.024920 3.737101 2.809222 1.866067 1.444801 1.261813 1.117905 1.067752 1.042855 1.088545 0.307146 0.397460 0.833610 0.719262 0.705822
0.034107 1.879114 0.039485 0.037824 0.104716 0.836061 0.841855 0.590414 1.131492 0.701522 0.368160 0.176595 0.495062 1.124502 0.309678 0.175323 1.072303 1.009974 0.946530 0.124863 0.152050 0.157628 0.150881 0.123530 0.110715 0.110715 0.097378 0.128180 0.205199 0.249116 0.315717 0.459854 0.631568 0.762365 0.690699 0.592189 0.511219 0.440369 0.480046 0.579405 0.603013 0.662365 0.589068 0.378225 0.047456 0.063378 0.125350 1.386910 1.409806 3.141668 0.000000 2.392523 1.689517 1.349074 1.202666 1.137815 1.092817 1.061587 1.054390 0.222231 0.688269 0.674589 0.127439
0.028799 0.036813 0.034018 0.050248 0.420062 0.788716 0.781042 0.593899 0.648098 0.470648 0.551602 0.211246 0.224534 0.464852 0.415860 0.240732 0.229914 0.202094 0.298094 0.125100 0.123215 0.138624 0.138862 0.138827 0.127925 0.111570 0.098472 0.112983 0.168607 0.263519 0.356556 0.430325 0.513124 0.601819 0.657527 0.637585 0.561437 0.475304 1.073018 1.163276 1.020416 0.903718 0.747193 0.661481 0.431390 0.050093 0.049571 0.611220 1.495390 2.907662 0.000000 1.567115 1.708658 1.356359 1.255764 1.209522 1.209522 1.134565 1.034011 0.913953 0.773357 0.895994 1.359466
0.048023 0.437912 0.053286 0.272405 0.491048 0.680968 0.673661 0.623906 0.623906 0.543486 0.450393 0.286194 0.253633 0.315194 0.306835 0.284496 0.253940 0.441680 0.361723 0.279563 0.137560 0.132631 0.118013 0.117113 0.118130 0.125283 0.120882 0.123922 0.181468 0.276551 0.362550 0.507917 0.597431 0.720097 0.835988 0.798366 0.743408 0.811838 1.926338 1.683822 1.430639 1.129442 0.918555 0.845391 0.762250 0.329039 0.056400 0.114664 1.043635 1.322053 2.946043 2.262974 1.681917 1.522973 1.311431 1.217063 0.065650 0.068166 1.038648 0.930367 0.907751 0.950007 0.328159
0.346923 0.320719 0.325620 0.273699 0.412556 0.621351 0.672080 0.668198 0.619950 0.541402 0.236387 0.139829 0.177080 0.318787 0.343644 0.322100 0.252080 0.260377 0.228132 0.211394 1.077934 0.041031 0.126167 0.111461 0.153978 0.143459 0.134855 0.137626 0.201573 0.301391 0.435835 0.440785 0.555290 0.798124 0.942741 1.227385 1.353795 1.788501 2.073010 1.916912 1.777039 1.518834 1.328702 1.261128 1.143494 0.751357 0.537564 0.054639 0.251068 1.390462 2.686941 2.038168 1.866067 2.346617 1.558404 1.203558 0.060537 1.132644 1.038125 0.977688 1.012346 0.948930 0.892682
0.211992 0.267251 0.265266 0.333206 0.723539 0.971841 0.834036 0.772790 0.671528 0.498017 0.237922 0.162140 0.159978 0.258373 0.233203 0.457889 0.152648 1.096384 0.052420 1.105264 1.065298 1.001727 0.042255 0.141774 0.162247 0.144486 0.121364 0.147529 0.229397 0.303532 0.385179 0.253984 0.317788 0.424798 0.570623 0.928647 1.462987 2.074572 1.364720 1.146997 1.049407 1.034504 1.105168 1.360415 1.502662 1.320900 3.324027 0.303178 0.097290 1.099157 3.458356 0.000000 0.000000 0.000000 4.031059 2.422047 1.431685 1.211377 1.149351 1.059309 1.054752 0.969198 0.899062
0.245378 0.392202 0.358184 0.477749 1.045401 1.113276 0.767741 0.666357 0.620988 1.400505 1.020305 0.044446 0.141593 0.196430 0.147962 0.153135 0.130937 0.180079 0.061574 0.056968 1.029377 0.987137 0.043146 0.155748 0.136258 0.118746 0.117414 0.154188 0.256213 0.269100 0.243009 0.238288 0.236376 0.340315 0.399190 0.500289 2.575183 1.275623 1.517525 0.096593 0.345119 0.387191 0.484655 0.769642 0.769642 0.360442 1.409666 1.645123 0.882657 0.254962 0.074195 0.178183 2.998952 0.311540 4.788610 4.242672 2.229763 1.458311 1.232156 0.058194 0.055167 1.009974 0.920361
0.316418 0.559375 0.331554 0.526424 1.126156 0.903882 0.522329 0.421680 0.463364 0.068274 0.970053 0.038385 0.134771 0.167402 0.142108 0.125243 0.242018 0.297256 2.879052 0.074157 0.059204 0.037330 0.134541 0.139563 0.135510 0.122941 0.120221 0.142890 0.191553 0.243418 0.235970 0.249444 0.271104 0.359625 0.490250 0.490250 0.498842 2.144842 2.502273 1.607802 1.099707 0.184188 0.216572 0.259259 1.129980 0.673244 0.789292 1.394227 1.197153 0.720932 0.456946 0.177055 0.086077 0.064523 0.995186 4.334750 3.184804 1.926852 1.489267 1.255802 1.206147 1.067615 0.968323
0.283632 0.196507 0.231452 0.675356 2.178096 0.545347 0.249882 0.235970 0.291180 0.061264 1.010329 0.042231 0.968853 0.178088 0.156853 0.122027 0.312723 0.344819 2.856272 0.065383 0.054030 0.124577 0.122979 0.120473 0.137232 0.123792 0.130285 0.130285 0.155157 0.147630 0.169540 0.183962 0.235098 0.275279 0.352521 0.525834 0.573469 2.247371 2.469030 0.780208 1.461620 1.098806 1.023928 0.201390 0.224532 0.390772 0.682870 1.195926 1.197153 0.842361 0.809166 0.679771 0.327531 0.078527 0.387742 0.961926 1.055067 2.362807 1.860576 1.444801 1.206147 1.216653 1.038585
0.313236 0.293387 0.238984 0.679796 0.631378 0.236251 0.137895 0.174401 0.197481 1.100076 0.056075 0.958738 0.290991 0.369957 0.205902 0.182992 0.179014 0.188518 0.188518 0.192542 0.058719 0.053770 0.266907 0.267042 0.142523 0.141261 0.121497 0.129543 0.152615 0.151929 0.132732 0.138328 0.199292 0.232480 0.300390 0.448951 0.523963 0.569086 2.109673 2.469030 2.010323 0.364062 1.099452 1.039538 0.210188 0.098542 0.597181 1.110133 1.881998 0.555500 0.487971 0.618469 0.606404 0.065448 0.320929 0.615515 0.718274 0.185253 2.089875 1.630850 1.338146 1.494768 1.135446
0.469880 0.475923 0.437182 0.423756 0.340141 0.254914 0.145116 0.165801 0.158446 1.096384 1.096384 1.065105 0.276794 0.281055 0.322677 0.175255 0.106516 0.108704 0.031286 0.047995 0.046473 0.141773 0.138684 0.138454 0.145740 0.120412 0.112296 0.132315 0.167256 0.160750 0.131817 0.114859 0.159797 0.221392 0.253592 0.349714 0.484825 0.486677 0.570623 0.732193 2.362807 1.943503 1.335820 1.094380 1.129380 1.222494 1.184939 0.237097 1.544390 0.408696 0.251328 0.209717 0.253602 0.049042 0.315141 0.419292 0.491328 0.146646 0.146210 1.689037 1.710656 2.109673 1.650470
0.633977 0.475923 0.267177 0.394189 0.292742 0.255985 0.259248 0.165778 0.165372 0.129354 0.327744 0.160201 0.135708 0.123974 0.280638 0.125296 0.111259 0.102407 0.110906 0.132021 0.143165 0.117602 0.251673 0.277489 0.282635 0.138898 0.125413 0.144383 0.149799 0.134275 0.122881 0.106421 0.145103 0.202267 0.222613 0.263928 0.378510 0.411998 0.486041 0.669400 2.268731 2.261819 1.777295 1.302262 1.202161 1.274126 0.273774 0.586583 1.337344 0.797698 0.042535 0.115653 0.031039 0.056262 0.291940 0.325741 0.357915 0.090184 0.086593 0.100809 1.847904 0.738837 2.461669
2.353617 0.508346 0.119963 0.147894 1.121627 1.235781 0.068428 0.188543 0.131749 0.246757 0.152055 0.159603 0.120826 0.126800 0.136981 0.125157 0.111991 0.102344 0.111349 0.134213 0.148315 0.134213 0.122951 0.141802 0.158293 0.152828 0.164774 0.164733 0.142296 0.106898 0.095647 0.121844 0.145303 0.191872 0.212316 0.228023 0.271739 0.348735 0.449638 0.574100 0.586007 2.068719 2.177789 1.733007 1.422537 1.292751 1.129380 0.136722 1.392796 0.706198 0.038121 0.028900 0.025657 0.059171 0.059171 0.058431 0.254275 0.307329 0.072035 0.054861 0.210648 0.325391 0.721340
0.855577 0.582297 1.005621 2.636482 1.032591 1.111306 0.063483 0.051846 0.126377 0.123922 0.276776 0.266696 0.115778 0.116006 0.269224 0.123138 0.116773 0.251239 0.134185 0.166647 0.335889 0.294414 0.273667 0.289719 0.290227 0.153234 0.172941 0.160406 0.147809 0.117954 0.107685 0.136919 0.133861 0.156519 0.191632 0.212693 0.222821 0.276748 0.422809 0.540215 0.499230 1.912013 2.094720 2.094720 1.834759 1.486245 1.845854 1.206147 0.811769 1.575933 0.653132 0.289049 0.040781 0.135907 0.045564 0.199166 0.064810 0.241947 0.054639 0.043225 0.159444 1.342522 2.620079
1.369183 0.567794 1.099452 0.052642 1.026922 1.045525 0.051251 0.045808 0.128092 0.127465 0.251394 0.115356 0.116110 0.253763 0.304756 0.133508 0.160486 0.184218 0.227633 0.284109 0.294714 0.245938 0.220797 0.186151 0.115738 0.129174 0.172034 0.159797 0.158613 0.134658 0.124296 0.159381 0.141025 0.155968 0.219362 0.220154 0.191893 0.191893 0.248943 0.424139 0.137599 0.489361 0.493755 0.546299 0.172595 2.209424 0.805958 0.096946 0.908096 1.674700 0.982264 0.624242 0.335233 0.293124 0.039456 0.055019 0.237907 0.224444 0.164806 0.133493 0.038516 3.185395 0.000000
0.536050 0.298067 1.135633 1.065967 1.062914 1.055738 0.051375 0.045808 0.125178 0.117394 0.119559 0.127055 0.137895 0.151344 0.294797 0.151601 0.218820 0.251250 0.299366 0.349571 0.318097 0.287663 0.238330 0.159119 0.110374 0.261573 0.173126 0.177307 0.191888 0.191888 0.157481 0.181608 0.196263 0.187156 0.206417 0.276748 0.263533 0.214793 0.278177 0.392669 0.424728 0.457716 0.456884 0.461999 1.899909 0.802347 0.917545 2.144842 1.050368 1.402382 1.171296 0.942369 0.634142 0.588850 0.250417 0.041119 0.063266 0.059236 0.043244 0.133212 1.009974 2.241585 0.000000
