FB/MTT/SampleData/Outputs/Barriers_ELLIPSEDIM_B.asc
NCOLS 84
NROWS 94
XLLCORNER -2098.000000
YLLCORNER 3210.000000
CELLSIZE 30.000000
NODATA_VALUE -1
[rows 0 to 27 of 94, columns 0 to 62 of 84]
0.537826 0.444048 0.345785 0.340115 0.356970 0.474435 0.619077 0.661027 0.549660 0.497163 0.512756 0.535597 0.572660 0.573501 0.573901 1.189597 0.488534 0.489188 0.479382 0.521011 1.836841 0.495345 1.033430 1.358383 1.215639 1.150994 1.027710 0.966853 2.188649 1.443130 1.438645 1.078145 0.561126 0.086503 0.094278 0.094998 0.095159 0.097460 0.351343 0.347841 0.356881 0.353772 0.360523 0.376313 0.425442 0.730443 1.838989 1.790392 1.623762 1.531691 1.463705 1.194124 1.314212 0.349852 0.349852 0.419861 0.487323 0.368048 0.336503 0.319602 0.395402 0.497777 0.381880
0.319894 0.340309 0.342267 0.389536 0.525328 0.666746 0.701135 1.196912 0.426260 0.973175 0.490036 0.543338 0.572660 0.573501 0.545513 1.094406 0.482948 0.507494 0.513339 1.954210 1.891641 0.981436 1.532891 1.444416 1.143013 0.959879 0.905304 0.856077 2.042644 1.359489 1.352529 1.068840 0.753306 0.403468 0.093580 0.096937 0.095269 0.096964 0.097502 0.102714 0.353604 0.371252 0.366485 0.394112 0.431949 0.791932 0.791932 1.235850 1.661035 1.576370 1.495365 1.475281 1.493724 0.347580 0.367838 0.434209 0.481209 0.364847 0.358117 0.517064 0.363282 0.496504 0.398434
0.737491 0.389252 0.463277 0.522111 0.626065 0.662554 0.558261 1.020226 0.928522 0.982447 0.502633 0.543338 0.544682 0.545104 1.092767 0.482948 0.488867 0.546291 0.533701 0.153797 1.057551 0.951355 0.797478 1.133758 1.869244 0.798205 0.850703 1.425532 0.909775 1.277156 1.436873 1.004247 0.741646 0.547749 0.090187 0.099870 0.099824 0.095034 0.093170 0.097136 0.120481 0.109966 0.391661 0.380410 0.378545 0.874376 1.087578 2.764600 0.641192 1.568738 1.459318 1.480503 0.347922 0.373557 0.373202 0.427836 0.446337 0.361612 0.336581 0.319842 0.351713 0.435114 0.428195
0.416344 1.009612 0.519723 0.548087 0.625609 0.595926 0.475217 0.928522 1.012345 0.499800 0.528783 0.542863 0.518720 0.482307 1.047615 0.512319 0.538780 0.573901 0.560925 1.139825 1.001963 0.864028 0.538005 0.838697 0.737570 0.988939 0.665342 0.796858 0.893115 0.893115 1.276652 0.000000 1.670837 0.661925 0.549851 0.365382 0.094068 0.094793 0.095014 0.100143 0.110007 0.107912 0.427480 0.382189 0.367406 0.897158 1.210316 0.902956 0.624171 0.544498 1.385611 1.489563 0.327895 0.363753 0.391734 0.392739 0.381404 0.365715 0.326271 0.341524 0.519549 0.590243 0.397708
1.136139 1.116861 0.519845 0.552494 0.591424 0.541876 0.482202 1.045836 1.017652 1.107725 1.036760 1.083765 1.042896 1.046091 0.495538 0.545513 1.153908 0.597044 1.248978 1.201334 0.823722 0.823722 0.549409 0.913617 1.032236 0.749355 0.433292 0.452708 0.737570 0.942821 0.000000 0.000000 1.475270 0.615795 0.510567 0.383229 0.089172 0.092413 0.095014 0.100143 0.104086 0.104968 0.444120 0.401435 0.673230 0.950220 0.571299 0.990392 0.711795 0.333109 1.385611 1.459094 0.326831 0.350230 0.421720 0.360672 0.354484 0.390858 0.337194 0.347485 0.562589 0.593360 0.526965
0.581321 0.556261 0.556261 0.587574 0.565290 0.526913 0.475705 1.051344 0.433084 0.945491 0.988832 0.438398 0.438398 0.459375 0.481971 1.015304 1.083545 0.603940 0.597393 0.536878 1.682224 1.504126 1.246899 1.159846 0.654898 0.614169 0.541506 0.785701 1.570619 0.997716 1.168212 1.781898 1.190293 0.576683 0.477225 0.376407 0.085929 0.092119 0.095014 0.097244 0.137900 0.119811 0.108737 0.678297 0.701172 0.903779 1.005876 1.070023 2.072060 0.518323 0.366301 1.458911 0.352774 0.364273 0.390805 0.347232 0.355073 0.374551 0.333378 0.426819 0.563921 0.351882 0.535066
0.551006 0.586978 0.591988 0.552494 0.552494 0.535517 0.498775 1.054016 0.414603 0.415922 0.412831 0.436933 1.003946 0.494330 0.501630 0.573901 1.153908 0.603940 0.561906 1.764850 1.553956 0.797850 1.248662 1.078674 1.089537 1.110037 1.191620 0.872407 1.083096 0.000000 0.675376 1.496959 1.000167 0.760953 0.620137 0.351078 0.326625 0.093093 0.097084 0.097244 0.109850 3.408713 0.111552 0.128143 0.763265 0.777941 0.841923 0.986977 0.647920 0.436195 0.413472 0.351726 0.342048 0.363103 0.383142 0.331137 0.367811 0.382749 0.529812 0.600842 0.100490 0.098460 0.544245
0.553987 0.560254 0.530008 0.502884 0.478394 0.816450 0.968381 0.897133 0.394711 0.416344 0.435316 0.478913 0.493463 0.518293 0.545104 0.592146 0.596683 1.016591 1.814565 1.597561 1.112002 1.175076 0.000000 1.172716 1.391323 1.427919 1.402750 1.278718 1.429229 0.749092 0.839793 2.331162 0.716721 0.467156 0.520917 0.491782 0.357553 0.346953 0.094944 0.097255 0.097244 3.409471 0.138891 0.134370 0.910814 0.643605 0.808534 1.121676 0.857576 0.493899 0.474813 0.510234 0.334843 0.374413 0.375132 0.533705 0.533705 0.546628 0.562664 0.357277 0.096478 0.098218 0.108484
0.614634 0.564665 0.509090 0.455968 0.442946 0.929128 0.863638 0.393923 0.452141 0.982447 1.034556 0.491077 0.486304 0.519134 0.573901 0.636071 0.154931 1.706013 1.592166 1.436990 2.055262 1.921486 0.000000 1.160825 1.286058 1.409541 1.422455 1.339054 0.773920 1.029603 0.406166 0.698151 0.830782 0.760744 0.470911 0.658112 0.397770 0.363730 0.089680 0.097021 0.100143 0.119210 3.421652 0.803915 0.884209 0.857750 0.947544 1.242573 1.242573 0.812073 0.550255 0.688212 0.528854 0.326631 0.358331 0.358525 0.456758 0.433553 0.531112 0.101625 0.103034 0.099904 3.404301
0.586978 0.976274 0.854514 0.459874 0.453591 0.953967 0.429035 0.426260 1.128905 1.012345 0.986791 1.034043 0.893800 0.545513 0.636839 1.862341 0.104037 0.428617 1.325842 1.042967 1.449981 2.134301 0.000000 1.248662 1.482991 1.479427 1.560253 1.501708 1.404958 0.910525 0.583118 0.531862 0.826862 1.104881 1.065345 0.790080 0.587917 0.544944 0.090173 0.095531 0.095531 0.097244 0.104093 0.119432 0.115300 0.390465 0.959000 1.211188 1.093047 0.665092 0.374338 0.638433 0.422202 0.325368 0.548753 0.364489 0.470084 0.489378 0.105394 0.118980 0.119551 0.110038 3.411308
0.475207 0.500460 0.529176 0.551032 0.546587 0.545945 0.555391 1.147737 1.078918 0.426215 0.412067 0.962763 0.495916 1.088191 0.606078 1.590368 0.718546 1.201108 1.739563 1.564586 1.532702 1.755309 1.549211 1.578182 1.430187 1.357148 1.481036 1.392779 1.191240 0.877811 0.671660 0.671660 0.671653 0.692026 0.678640 1.111308 1.098203 1.123996 0.857795 0.411480 0.093048 0.097255 0.104093 0.119207 0.560796 0.392396 0.577433 0.576334 0.888088 0.356846 0.446047 0.566679 0.325900 0.320260 0.525370 0.372856 0.560522 0.000000 0.117820 0.100300 0.138759 3.422331 0.726274
0.508637 0.616648 0.643316 0.680461 0.722033 0.724606 1.322210 0.575981 0.409911 0.835761 0.860013 0.429366 0.463735 0.487087 1.726624 1.237173 1.422455 1.817997 1.817997 1.521871 1.320290 1.609429 1.578182 0.000000 1.420987 1.063019 1.375887 0.853984 0.646713 0.398967 0.663309 0.617806 0.781427 0.953431 0.556717 0.710813 1.265576 1.186367 1.198134 0.512522 0.091262 0.094813 0.109850 0.119210 0.356111 0.406932 0.576628 0.520299 0.735603 0.552390 0.318405 0.363849 0.469886 0.325964 0.094678 0.100253 0.116312 0.000000 0.119209 0.100458 0.106449 0.590387 0.633397
0.597044 0.655313 0.648477 0.685144 0.681089 0.639313 0.601642 0.476719 0.350078 0.358985 0.365691 0.384711 0.399869 4.003987 1.572286 1.278658 1.198361 1.664654 1.636340 1.618491 1.481841 1.512812 1.862744 1.385801 0.905109 0.658850 0.595060 0.632929 0.472712 0.536600 0.548776 0.528667 0.614205 1.080111 0.904800 0.544164 0.880704 0.775332 1.272275 1.043594 0.098026 0.099306 0.100143 0.100143 0.356587 0.406932 0.563578 0.460959 0.379806 0.344463 0.334776 0.419262 0.605291 0.082181 0.117229 0.100154 0.104093 0.119210 0.104084 0.107601 0.110397 0.622476 0.383935
0.564269 0.540948 0.516458 0.524345 0.158043 0.139149 0.139149 0.119756 0.335676 0.325178 0.352412 0.347616 0.381848 1.656337 1.583737 0.790969 1.337748 1.447060 1.697138 1.787006 1.872675 2.001784 0.000000 1.022565 0.837193 0.682554 0.701079 0.417121 0.482173 0.601709 0.544256 0.474960 0.352041 0.827122 1.073767 0.371391 0.482898 0.506839 0.966406 1.061879 0.609989 0.107845 0.109850 0.104093 0.552817 0.406139 0.530253 0.427171 0.373729 0.349154 0.345832 0.512889 0.481194 0.132396 0.137903 0.109850 0.109850 0.119487 0.103476 0.479536 0.454201 0.398190 0.350420
1.257381 0.462291 0.440318 0.423420 0.423265 0.402617 0.101107 0.095962 0.335385 0.315554 0.321478 0.363073 0.445787 3.893321 0.563972 0.873737 1.447060 1.729246 1.798105 1.748607 1.836054 0.000000 1.427919 0.983142 1.038213 1.069327 0.420595 0.440256 0.533008 0.605555 0.348701 0.342029 0.550238 0.793197 1.152625 0.376100 0.334392 0.342211 0.764345 1.133495 0.587705 0.115597 0.119210 0.109850 0.692026 0.384760 0.506861 0.415922 0.362433 0.367640 0.612924 0.681755 0.114034 0.118919 0.109850 0.119210 3.421456 0.148007 0.441602 0.441602 0.501082 0.472731 0.440964
0.509301 0.779531 0.372909 0.738562 0.429614 0.377249 0.355430 1.469306 0.350092 0.361156 0.444308 0.700745 0.645034 1.367629 1.219980 1.238513 1.716471 1.896605 1.479427 1.422455 1.521871 1.465115 1.292585 0.811340 0.427458 0.401010 0.341967 0.511262 0.343853 0.352395 0.340903 0.547048 0.549702 0.707350 1.220620 0.400129 0.516625 0.408339 0.754909 1.026028 0.512335 3.357987 0.109850 0.097244 0.348264 0.373474 0.431879 0.407701 0.373891 0.566015 0.566015 0.536160 3.356486 0.100161 0.104085 0.119207 3.419195 0.000000 1.081868 0.541363 0.441727 0.427369 0.447655
0.390271 0.329963 0.347788 0.397782 0.438294 0.396335 0.347421 1.491170 0.392992 1.118530 0.604097 0.619920 1.150794 0.813153 1.529077 1.465115 1.691986 1.385801 1.684398 0.000000 1.780973 1.532557 1.123182 0.382982 0.334935 0.434146 0.599187 0.603281 0.337312 0.316863 0.340372 0.614143 0.543108 0.377823 0.599305 0.775682 0.348414 0.599242 0.540371 0.632772 1.314212 0.134831 0.134831 0.104096 0.100143 0.691865 0.357945 0.382286 0.380530 0.368639 0.503273 0.569335 0.104091 0.100400 0.104838 0.000000 0.149754 0.950930 1.206781 0.517854 0.387926 0.377743 0.406873
0.390271 0.351353 0.338444 0.383159 0.434005 0.405062 0.349945 0.326741 0.443716 0.770112 1.131761 0.695451 0.546732 1.206813 1.529077 1.422455 1.136226 1.604350 0.867419 1.753803 1.407432 1.021606 0.756278 0.379419 0.337777 0.418418 0.550593 0.694942 0.325756 0.384508 0.519928 0.557475 0.528963 0.354945 0.354945 0.986952 0.974011 0.392740 0.341524 0.572048 0.570206 0.115546 0.134456 0.100158 0.104093 0.552790 1.997040 0.691709 0.358668 0.348236 0.098319 0.097693 0.000000 3.439830 0.000000 3.674259 0.985199 0.587127 0.563819 0.453403 0.363965 0.371008 0.372985
0.371968 0.398025 0.322630 0.817890 0.459727 0.417944 0.355177 0.327871 0.534164 1.095622 1.032422 1.458691 1.245677 0.710742 1.606744 1.359344 1.051039 1.229296 1.592834 1.352088 0.489223 0.637213 0.395741 0.406823 0.359294 0.359294 0.419885 0.481365 0.650723 0.527144 0.533895 0.598919 0.341194 0.338020 0.574445 0.922477 1.080111 0.566218 0.486595 0.419726 0.602370 0.512891 0.106350 0.109546 0.104101 0.137388 3.397044 3.387804 0.117755 3.381504 0.136868 0.109896 3.546440 3.531161 3.574768 0.981465 0.513339 0.482948 0.442912 0.386107 0.352844 0.350715 0.382819
0.412583 0.423433 0.316549 0.788265 0.506191 0.782087 0.371936 1.431867 1.761201 2.411007 1.783697 1.446447 1.247658 1.359159 1.658065 0.707880 0.530693 0.530693 0.907344 1.333791 0.801635 0.369442 0.362431 0.358429 0.698897 0.414294 0.483010 0.419262 0.588914 0.625080 0.384200 0.637937 0.433319 0.327157 1.788561 1.063970 1.391443 1.321292 0.833044 0.554101 0.583033 0.560522 0.339205 0.542857 0.109012 0.117920 0.118222 3.397537 3.404890 0.000000 0.137963 0.110921 2.646157 0.830423 0.667954 0.432012 0.458637 0.393939 0.380681 0.360402 0.365116 0.380587 0.391325
0.469751 0.507029 0.368376 0.364268 0.552404 1.825005 1.595807 1.007367 2.583554 2.583554 0.000000 1.588221 1.521871 1.343986 1.637395 1.118292 0.713310 1.126646 0.634670 0.898528 0.505581 0.351715 0.333714 0.530669 0.413426 0.942418 0.639118 0.759989 0.477661 0.720681 0.536789 0.605513 0.674296 0.784994 0.399648 0.540582 0.601216 1.061126 0.970383 0.622049 1.407734 0.367291 0.315788 0.340113 0.098261 3.402430 0.137800 0.119116 0.119116 0.109767 0.110625 2.222368 1.095457 0.393944 0.346309 0.377956 0.488867 0.425442 0.394651 0.383109 0.423955 0.448374 0.821957
1.334587 1.064803 0.607422 0.504380 0.688628 0.710030 2.056438 1.632996 1.495999 0.000000 0.000000 1.329983 1.579585 1.418807 1.270639 0.729613 0.854228 1.098961 0.818763 0.555608 0.713266 0.382026 0.344958 0.554864 0.849976 0.911074 0.557373 0.859634 0.318815 0.750952 0.619711 0.450153 0.418418 0.809238 0.817729 0.325904 0.368024 0.419957 0.748803 0.468868 0.705092 0.376017 0.321093 0.096275 0.100953 0.000000 3.409125 0.109846 0.110116 0.112614 0.115045 0.957321 0.590815 0.387717 0.342398 0.358207 0.528854 0.541462 0.728821 0.402287 0.883389 0.883389 1.001823
1.401636 0.908894 0.689180 0.695202 0.720813 1.400369 2.480532 1.981780 1.442209 1.571478 1.537348 1.867141 1.375182 1.216238 0.992514 0.471795 0.437207 0.832676 0.509489 0.598554 0.538692 0.438693 0.536849 0.376350 1.137932 0.961614 0.529699 0.814372 0.587874 0.557009 0.870154 1.160840 0.592667 0.383514 0.497971 0.368652 0.356662 0.366633 0.372335 0.566015 0.572329 0.359231 0.094172 0.104959 0.000000 3.409471 3.411530 3.422272 0.145671 0.836481 1.105563 0.693930 0.715719 0.715719 0.538912 0.553397 0.356247 0.509819 0.657597 0.974402 0.779425 0.741427 0.729400
1.458768 0.674446 0.408249 1.350374 0.781557 0.670032 2.394122 2.171664 1.598904 0.813697 1.585441 1.588279 1.217391 0.804150 0.535497 0.474540 0.653135 0.425725 0.463138 0.660158 0.376623 0.470635 0.531522 0.438208 1.283373 0.952971 0.552227 0.745552 0.973394 0.334803 0.601725 1.079599 0.808735 0.499760 0.536102 0.423036 0.550394 0.366633 0.519549 0.507289 0.097204 0.094303 0.102269 3.407967 3.407967 0.138101 0.111404 0.122330 0.145211 0.689663 0.470027 0.522841 0.403269 0.370172 0.349742 0.326625 0.361948 0.517843 1.409919 1.144451 0.430544 0.376625 0.410597
1.374894 0.903558 0.779307 0.863854 2.114197 1.239276 1.971296 2.171664 1.536776 1.026702 0.471076 1.355961 1.481077 0.621681 0.388389 0.341537 0.345144 0.378639 0.417212 0.387966 0.340367 0.454563 0.475990 0.962459 0.857708 0.438491 0.630970 0.396964 1.014606 0.560123 0.441908 0.735999 0.829524 0.348852 0.344295 0.442957 0.442957 0.348592 0.353623 0.591071 0.588724 0.096357 0.096298 0.100161 3.408111 0.140841 0.108787 0.667954 0.696834 0.394781 0.404003 0.417747 0.351200 0.373555 0.565730 0.355463 0.631000 0.862805 0.578119 0.545908 0.769249 0.396335 0.418061
1.181636 1.391323 1.191229 1.160825 2.232872 1.350715 1.249437 1.797400 1.201506 1.145707 0.432372 0.455863 1.506181 1.190018 0.411045 0.511082 0.353529 0.317822 0.371817 0.431926 0.359811 0.408557 0.552007 0.551316 0.623398 0.381041 0.981283 0.981283 0.515328 0.638433 0.552481 0.376983 0.352365 0.406002 0.540582 0.381806 0.334776 0.344621 0.672146 3.375674 0.593295 0.355431 0.097044 0.109846 0.000000 0.722865 0.372757 0.381223 0.713802 0.408581 0.367914 0.359008 0.097881 0.098019 0.095311 0.106302 0.662140 0.730443 0.457569 0.839231 0.411092 0.776464 0.471502
1.521602 1.502836 1.391323 1.269316 0.984965 1.194128 0.511845 1.129929 0.530941 0.513365 0.408952 0.334494 0.576726 0.842244 0.690823 0.588983 0.523233 0.352241 0.329084 0.329084 0.393676 0.578004 0.346927 0.511195 1.092160 0.570452 0.334749 0.793137 0.690751 0.364248 0.426495 0.379600 0.347892 0.358032 0.359601 0.334935 0.442624 0.519549 0.674191 0.542190 0.355662 0.356609 0.104084 1.596654 0.000000 0.106109 0.108382 0.123770 0.169175 0.176219 0.136655 0.106958 0.112676 0.104718 0.099289 0.100552 0.408727 0.393698 0.394058 0.708498 0.707350 0.712799 0.471925
1.697106 1.598998 1.427919 1.266723 0.920786 0.584406 0.425281 0.462939 0.401267 0.417951 0.421830 0.421830 0.801281 0.401133 0.788597 1.766357 2.524600 0.886107 0.383906 0.424739 0.510006 0.513838 0.499535 0.587574 0.623385 0.341662 0.384734 0.665335 0.824218 0.582932 0.502571 0.447115 0.447603 0.508824 0.361873 0.346544 0.538496 1.943461 0.346189 0.347531 0.348060 0.691871 0.000000 0.000000 0.143620 0.398591 0.519134 0.704232 0.868906 0.730896 1.233742 0.499653 0.799261 0.421056 0.389629 0.100397 0.101263 0.103405 0.369178 0.636954 0.433844 0.717520 0.413426
