FB/MTT/SampleData/Outputs/Barriers_ELLIPSEDIM_C.asc
NCOLS 84
NROWS 94
XLLCORNER -2098.000000
YLLCORNER 3210.000000
CELLSIZE 30.000000
NODATA_VALUE -1
[rows 28 to 55 of 94, columns 0 to 62 of 84]
1.294044 1.116623 1.116623 0.884299 0.730219 0.307433 0.184105 0.134077 0.111451 0.109899 0.212518 0.269817 0.152886 0.102517 0.312230 0.537374 0.492993 0.797130 0.377031 0.123451 0.061789 0.054153 0.206375 0.460817 0.400707 0.162944 0.121400 0.198333 0.349099 0.185207 0.130726 0.219516 0.150637 0.129756 0.105389 0.155299 0.187002 0.257399 0.032283 0.116681 0.224715 0.000000 0.000000 1.015350 0.042813 0.295083 0.486749 0.678947 1.141763 0.638526 0.570845 0.503518 0.411322 0.203851 0.164562 0.141027 0.032055 0.032058 0.034636 0.158526 0.212518 0.352789 0.300622
0.000000 0.000000 1.463851 0.702770 0.302039 0.135572 0.127149 0.121396 0.107109 0.104093 0.473371 0.336967 0.173186 0.103038 0.144641 0.128463 0.445367 0.594388 0.647593 0.257216 0.157261 0.106272 0.092500 0.129062 0.465017 0.333026 0.105951 0.193246 0.244967 0.102225 0.139519 0.178372 0.186398 0.147863 0.028469 0.032601 0.044420 0.034623 0.041297 0.000000 0.000000 0.000000 0.068546 0.042276 0.175526 0.456253 1.167843 1.114456 0.389502 0.238330 0.393141 0.492228 0.233311 0.214448 0.171304 0.171304 0.137389 0.030558 0.028011 0.030097 0.029357 0.044473 0.178892
1.248819 0.691240 1.078400 2.631227 0.454706 0.116396 0.138084 0.093519 0.074488 0.096911 0.241886 0.339901 0.265615 0.166839 0.121715 0.540759 0.504433 0.061621 0.249220 0.320280 0.317495 0.249343 0.085414 0.089604 0.135103 0.177978 0.131669 0.114421 0.138673 0.125501 0.100876 0.029508 0.044000 0.043282 0.029933 0.031001 0.031574 0.030330 0.000000 0.000000 0.000000 0.042865 0.257899 0.324004 0.295432 0.843611 0.843611 0.406762 0.777630 0.544835 0.191036 0.219053 0.247861 0.256351 0.230917 0.223594 0.198040 0.168003 0.036914 0.031449 0.034184 0.035990 0.037857
0.085039 0.196596 0.148283 0.623290 0.685323 0.309746 0.077045 0.045682 0.073637 0.083400 0.212226 0.299573 0.265615 0.207844 0.623979 0.530174 0.294397 0.345578 0.143176 0.054749 0.253987 0.373853 0.183959 0.101827 0.085139 0.150165 0.105019 0.082608 0.114099 0.130770 0.036249 0.045253 1.877058 1.876620 1.883255 1.884836 1.893005 1.938060 0.000000 0.608619 2.081126 0.046227 0.144512 0.259319 0.237671 0.775515 0.654840 0.322912 0.599552 0.276814 0.168712 0.209784 0.213644 0.254995 0.250367 0.245333 0.241121 0.221178 0.186072 0.039716 0.192523 0.048922 0.037604
0.380249 0.813238 0.302535 0.191031 0.439743 0.470747 0.233875 0.046793 0.045107 0.031208 0.131731 0.234581 0.229463 0.227618 0.547228 0.530174 0.363214 0.476434 0.449310 0.313772 0.132091 0.419849 0.198577 0.107011 0.032731 0.114420 0.110866 0.069723 0.023611 0.031491 0.045641 0.000000 0.000000 0.000000 0.046045 1.887909 0.000000 0.000000 2.289245 1.233016 0.386809 0.146365 0.130970 0.145793 0.267582 0.434706 0.587651 0.534931 0.290724 0.306820 0.180991 0.135086 0.248330 0.213298 0.249116 0.245333 0.265266 0.240564 0.220654 0.189802 0.219564 0.188258 0.038521
0.338633 0.417380 0.516042 0.125769 0.126320 0.231303 0.197095 0.124271 0.114227 0.034627 0.100157 0.177315 0.186606 0.117202 0.148941 0.206330 0.173271 0.245261 0.330571 0.338773 0.306781 0.306781 0.201300 0.084173 0.093251 0.035325 0.092914 0.089401 0.035848 0.043528 0.000000 0.000000 1.887316 1.896693 1.906538 0.048781 2.043338 2.195922 0.256733 0.228219 0.223661 0.174634 0.216410 0.211013 0.266303 0.357908 0.345461 0.343210 0.376835 0.417499 0.297151 0.152435 0.297894 0.266607 0.342565 0.246729 0.266567 0.266862 0.269630 0.252493 0.228007 0.173533 0.137374
0.302195 0.325831 1.198435 0.180444 0.097043 0.118349 0.194057 0.202665 0.310184 0.111290 0.084369 0.252162 0.188412 0.188412 0.173583 0.098548 0.172753 0.142347 0.079669 0.163003 0.215090 0.267083 0.135844 0.073732 0.074030 0.052623 0.024299 0.025637 0.042597 0.000000 0.904859 1.884539 1.896823 1.969355 1.989452 0.041362 0.237829 0.499099 0.228902 0.418129 0.379219 0.318550 0.251017 0.115421 0.210781 0.210830 0.280192 0.344282 0.416585 0.916370 0.752438 0.273388 0.388728 0.246826 0.268056 0.207175 0.246729 0.463653 0.300426 0.302074 0.215662 0.176731 0.144982
0.085653 0.377031 0.977528 0.585900 0.187935 0.187935 0.091093 0.097789 0.068672 0.263504 0.383042 0.199044 0.213768 1.050225 0.191212 0.073847 0.038760 0.129856 0.087521 0.104935 0.148912 0.131731 0.133997 0.125946 0.057021 0.093829 0.023697 0.032676 1.868732 0.000000 0.000000 0.000000 0.000000 0.000000 0.046353 0.046917 0.227776 0.245669 0.198318 0.317925 0.275955 0.210214 0.221693 0.194548 0.125296 0.130549 0.162777 0.287954 0.418060 0.985589 1.013877 0.648867 0.293528 0.278780 0.256400 0.290161 0.209784 0.420962 0.252264 0.245596 0.204531 0.186970 0.159834
0.232182 0.502276 0.105252 0.779778 0.662029 0.414306 0.192458 0.093133 0.089627 0.079055 0.106018 0.149697 0.227968 0.319320 0.865244 0.126822 0.075980 0.169354 0.316781 0.148535 0.103922 0.140385 0.146749 0.106236 0.120899 0.149033 0.035057 1.862579 1.880465 0.000000 0.000000 0.000000 0.000000 0.522230 0.210456 0.042046 0.048064 0.220250 0.200772 0.142407 0.131607 0.200442 0.122997 0.127943 0.127240 0.131414 0.145482 0.233183 0.389502 1.089438 1.004192 0.818823 0.836199 0.448274 0.249861 0.175897 0.191832 0.191832 0.339446 0.200532 0.214276 0.228018 0.213603
0.678230 1.550091 0.182445 0.331890 0.286673 0.224347 0.163581 0.121467 0.396382 0.203111 0.146113 0.087212 0.107816 0.165189 0.228972 0.099193 0.158219 0.388085 0.360755 0.099071 0.097980 0.227955 0.133525 0.143043 0.032646 0.035680 1.864293 0.000000 0.910703 1.887909 1.936920 0.000000 2.034156 0.762015 0.226520 0.126811 0.032111 0.071956 0.275279 0.167160 0.142407 0.120444 0.105252 0.104017 0.120277 0.127754 0.159720 0.218924 0.501863 0.501863 0.742414 1.153285 0.867959 2.393984 0.857006 0.385170 0.245755 0.272940 0.339446 0.201882 0.346074 0.254460 0.347306
0.411145 1.617437 0.235186 0.137341 0.301873 0.328397 0.217449 1.591933 0.441193 0.421472 0.335060 0.165165 0.062484 0.135071 0.298493 0.109037 0.566281 0.500109 0.172386 0.068062 0.103674 0.284449 0.206870 0.239978 0.035975 0.045072 0.000000 0.543994 0.000000 0.000000 0.000000 2.653148 1.037940 0.359778 0.168575 0.274866 0.031094 0.056068 0.272062 0.262264 0.262264 0.148167 0.102521 0.091239 0.080638 0.103090 0.137915 0.334127 0.455835 0.573955 0.595402 0.753130 0.867959 0.638879 0.765428 0.532628 0.290228 0.218351 0.258085 0.201882 0.215662 0.229796 0.330555
0.913515 1.586849 0.447040 0.099607 0.273217 0.319845 0.605589 0.511608 0.474138 0.833424 0.701801 0.639233 0.173335 0.092028 0.420027 0.541113 0.626115 0.287714 0.127619 0.088684 0.213274 1.883681 0.832160 0.037835 0.045253 0.000000 1.882589 0.000000 1.896892 0.000000 2.232268 0.693091 0.693091 0.474339 0.255535 0.131442 0.278144 0.233982 0.039396 0.051945 0.297856 0.190249 0.100926 0.088814 0.106727 0.194641 0.214111 0.186190 0.498913 0.750235 0.862161 0.431846 0.648098 0.369093 0.577648 0.688463 0.542917 0.280965 0.129505 0.273733 0.199203 0.232632 0.370751
0.450099 3.316968 2.309473 0.177505 0.103957 0.211433 0.561800 0.552192 0.862916 0.712217 0.691240 0.653225 0.490217 0.215038 0.933606 0.775248 0.202062 0.151697 0.173551 0.107883 0.215810 1.876751 1.857789 0.046020 0.046020 0.000000 0.000000 1.887909 1.895599 0.000000 0.000000 0.460219 0.353738 0.341106 0.328218 0.129148 0.154661 0.250145 0.382575 0.038762 0.191396 0.222675 0.129936 0.108368 0.140903 0.379988 0.521267 0.416184 0.499049 0.886569 0.541499 0.390957 0.297894 0.337405 0.868958 0.988237 3.622433 3.251351 0.392206 0.152189 0.904821 0.235467 0.339446
0.420258 1.382857 1.024246 0.205450 0.176215 0.104214 0.138703 0.226453 0.659529 0.555348 0.603472 0.470146 0.478661 0.787925 0.316036 0.316036 0.134507 0.020953 0.025710 1.847049 1.882710 1.892534 0.000000 1.895061 0.000000 1.896909 1.895428 0.039465 1.912072 1.960314 0.234184 0.351107 0.327822 0.461589 0.190510 0.141373 0.141113 0.382575 0.253540 0.041751 0.027912 0.043137 0.183979 0.146614 0.124167 0.190648 0.312284 0.283943 0.346118 0.547840 0.407093 0.230609 0.441249 0.273130 0.440151 2.809062 3.782813 1.183666 0.549113 0.386612 0.920531 0.877026 0.201445
0.374122 1.099690 0.912422 0.851403 0.886105 0.146791 0.126697 0.126697 0.084100 0.483988 0.331047 0.249829 0.155120 0.164847 0.380851 0.591545 0.030600 0.028493 0.027159 0.032286 1.905137 1.907205 1.894335 0.000000 0.000000 0.046941 0.046844 1.925480 0.000000 0.070358 0.298048 0.404834 0.293940 0.409357 0.323028 0.169441 0.149341 0.167212 0.210105 0.368447 0.038607 0.031961 0.035574 0.037202 0.151172 0.043851 0.215681 0.206949 0.118630 0.245755 0.344902 0.331195 0.251027 0.443788 0.533683 0.881842 1.028888 0.878839 0.734970 1.034546 0.987381 0.915619 0.911820
0.276993 1.128169 2.574282 0.826534 0.865112 0.166232 0.161995 0.153532 0.683033 0.346400 0.548374 0.000000 0.000000 0.799730 0.449886 0.611632 0.029992 0.045676 0.046445 0.047311 0.048524 1.913509 1.238078 1.941517 1.935709 0.048226 0.041633 0.041335 0.046467 0.196719 0.342227 0.652085 0.457137 0.369777 0.193774 0.200143 0.182967 0.148566 0.195153 0.231214 0.218622 0.170529 0.144608 0.038078 0.032656 0.038288 0.037949 0.145441 0.124580 0.234823 0.361703 0.362397 0.381621 0.279708 0.355488 0.496141 0.606485 0.657871 0.876415 0.876415 1.666734 1.263192 0.969746
0.516006 1.000961 0.036284 0.760145 0.166748 0.183189 0.191187 0.182149 0.563448 0.660115 0.000000 0.000000 0.000000 0.000000 0.780817 0.265112 1.861368 0.046331 0.040310 0.049868 0.035495 0.049378 0.000000 0.131414 0.234498 0.128224 0.118847 0.142664 0.237933 0.309678 0.289664 0.494468 0.501373 0.232060 0.227604 0.468068 0.222743 0.177938 0.180682 0.192867 0.219805 0.192964 0.166035 0.182936 0.161694 0.186606 0.046256 0.037777 0.030653 0.035982 0.204351 0.204351 0.423835 0.172657 0.293195 0.329808 0.506592 0.534202 0.615050 0.430169 2.155102 1.597636 1.059090
0.523189 0.392202 0.795092 0.219921 0.190693 0.191187 0.185244 0.194102 0.580800 0.000000 0.000000 0.000000 0.674737 0.546507 0.035262 1.729446 1.880751 0.035958 0.035798 0.035298 0.127579 0.230582 0.227841 0.189534 0.209021 0.174329 0.136160 0.157487 0.285429 0.541774 0.255535 0.446216 0.266005 0.282227 0.273648 0.288280 0.232466 0.181350 0.178995 0.200285 0.224828 0.234622 0.216500 0.216500 0.368591 0.516144 0.255548 0.211129 0.154996 0.034859 0.029060 0.044955 0.198437 0.162067 0.326268 0.287937 0.337609 0.579024 0.961490 1.317411 1.852678 1.362900 0.955583
0.537805 0.602262 0.405784 0.926097 0.269445 0.228614 0.187159 0.712408 0.720312 0.000000 0.000000 0.618076 0.548295 0.031618 0.040025 0.045660 1.887474 0.202646 0.040596 0.037460 0.126482 0.137351 0.171805 0.247444 0.272957 0.237930 0.326823 0.146814 0.267996 0.321635 0.341106 0.496141 0.293100 0.305990 0.305990 0.263124 0.207578 0.180424 0.124314 0.160417 0.217434 0.278853 0.309467 0.301277 0.566808 0.311816 0.292320 0.253420 0.968217 0.955583 0.034960 0.036800 0.039850 0.048255 0.048604 0.042573 0.195711 0.384329 0.591536 1.268791 2.472901 1.936420 1.036402
0.734211 1.295776 0.900895 1.148399 1.461700 1.108216 0.813778 0.612032 0.969064 0.728555 0.493645 0.421478 0.027529 1.905339 0.063350 1.880571 1.933522 0.241708 0.041001 0.039387 0.132574 0.161289 0.213580 0.223017 0.360339 0.203156 0.203156 0.379045 0.271107 0.197526 0.361328 0.473996 0.550085 0.274016 0.260592 0.217173 0.268318 0.134408 0.122069 0.151978 0.332922 0.270701 0.314626 0.322913 0.312917 1.100526 0.060742 0.399135 0.911820 0.957709 0.048700 0.180046 0.040281 0.048412 0.049270 0.048645 0.050302 0.234526 0.474456 0.917756 1.165331 1.696108 1.184132
1.302239 0.668123 1.003434 0.529308 1.846349 1.137709 0.753948 0.981718 0.825711 0.589054 0.301075 0.000000 0.000000 0.047688 0.037238 1.907591 2.050233 0.482357 0.482357 0.207039 0.041963 0.037519 0.169441 0.197481 0.237773 0.203106 0.156513 0.231214 0.261529 0.253288 0.430392 0.493755 0.546135 0.256213 0.357115 0.165175 0.143396 0.130970 0.235339 0.155003 0.182640 0.213808 0.241455 0.245917 0.418657 1.039180 0.990917 0.925655 0.899309 0.973314 1.054010 0.053150 0.050904 0.198786 0.227826 0.289706 0.085015 0.055435 0.040132 0.080382 0.050560 0.312320 0.362885
0.864219 0.381145 0.361625 0.811953 1.762913 1.138197 1.036548 1.206360 0.557550 0.557550 0.326428 0.106996 0.031022 1.889055 0.033847 0.036372 1.966642 0.000000 0.816321 0.250372 0.161995 0.036927 0.163825 0.255356 0.422154 0.204453 0.166026 0.201882 0.445808 0.218638 0.375006 0.457943 0.622136 0.472824 0.434108 0.174401 0.138862 0.218967 0.246346 0.168289 0.191625 0.193557 0.316073 0.207774 1.041173 1.045722 1.003460 0.966657 0.899309 1.019570 1.137785 1.185575 0.454523 0.185617 0.254275 0.415446 0.477749 0.495550 0.382582 0.054712 0.050950 0.366050 0.535264
0.209806 0.105629 0.144803 0.207066 0.327402 0.399088 0.882555 0.835674 0.264362 0.208278 0.134734 0.023620 0.033752 0.035181 0.035913 0.040014 0.000000 0.752182 0.496170 0.204521 0.124256 0.034783 0.168999 0.280043 0.216230 0.203489 0.297894 0.235975 0.437089 0.172740 0.237101 0.688958 0.486312 0.261830 0.464717 0.398478 0.296945 0.272544 0.272400 0.171401 0.183369 0.315008 0.296215 0.993412 1.036580 0.239351 0.469266 0.376144 0.402031 0.263329 1.272761 1.265885 0.067106 0.162847 0.200981 0.466266 0.766475 0.403052 0.439692 0.074705 0.053286 0.509252 0.509252
0.071657 0.088346 0.105942 0.156250 0.232466 0.216724 0.339713 0.566281 0.150639 0.025541 0.041312 1.845252 0.039287 0.029346 0.036107 1.914269 1.390530 0.511878 0.407001 0.135510 0.072564 0.028037 0.056488 0.280663 0.187845 0.297430 0.278134 0.218747 0.173077 0.192733 0.295363 0.746698 0.496141 0.422795 0.461845 0.421386 0.354837 0.336065 0.375632 0.195262 0.199741 0.326076 0.184755 0.178943 0.212820 0.491472 0.435191 0.382728 0.407136 0.287006 0.523773 0.457340 0.349326 0.372702 0.195334 0.198707 1.000177 1.000177 0.335914 0.367683 0.825849 0.047693 0.553745
0.076551 0.076690 0.149033 0.407357 0.426137 0.152564 0.277486 0.165436 0.041092 1.845252 0.000000 0.000000 0.040342 0.037342 1.936920 0.000000 0.423067 0.464464 0.313921 0.102261 0.071348 0.031665 0.064992 0.262659 0.302617 0.164675 0.276684 0.133651 0.118158 0.165837 0.397921 0.775515 0.315494 0.660032 0.635568 0.540013 0.457137 0.454666 0.267304 0.242052 0.229991 0.205170 0.286384 0.351578 0.448047 0.424827 0.441630 0.426435 0.430162 0.474358 0.292181 0.279300 0.236163 0.423083 0.379045 0.418842 1.041384 1.085845 0.321403 0.982701 0.200465 0.048120 0.454713
0.078563 0.146724 0.056891 0.114816 0.333031 0.177097 0.105951 0.036753 1.841634 0.904461 0.000000 0.046401 0.030583 1.939974 0.062710 2.009928 0.194558 0.380898 0.297726 0.105090 0.023924 0.037709 0.238400 0.216682 0.189548 0.158681 0.164943 0.228971 0.106236 0.120392 0.380429 0.369126 0.598296 0.585483 0.313365 0.282654 0.291231 0.291231 0.278177 0.255056 0.242691 0.221437 0.191027 0.177625 0.186606 0.424827 0.416371 0.210022 0.246729 0.231452 0.265574 0.258291 0.250901 0.243932 0.389799 0.484420 0.843611 0.886981 1.310265 0.935735 0.826534 0.046451 0.082231
0.818895 0.175378 0.094201 0.103062 0.266927 0.176776 0.201156 0.042312 0.044987 1.881608 0.039465 0.031035 0.050156 1.971660 1.938965 0.226365 0.152055 0.253940 0.322558 0.130549 0.031957 0.035575 0.197510 0.200772 0.213770 0.172445 0.170374 0.218967 0.218967 0.114099 0.134509 0.485128 0.368203 0.654571 0.547281 0.271143 0.528881 0.290724 0.283150 0.254583 0.209516 0.210254 0.190416 0.200289 0.215673 0.346376 0.488641 0.204891 0.221178 0.215590 0.243867 0.290155 0.460815 0.529971 0.385707 0.506791 0.434275 0.283750 0.056391 0.038082 0.922714 0.852133 0.041917
0.773900 0.221995 0.214350 0.182193 0.199538 0.814784 0.233864 0.043926 0.044987 0.046428 0.036072 1.967639 2.005126 2.092269 0.373674 0.173220 0.267708 0.175107 0.391884 0.501373 0.501373 0.170622 0.034104 0.037037 0.202653 0.219565 0.212963 0.177488 0.129233 0.108067 0.147706 0.311595 0.371459 0.374728 0.347548 0.541774 0.533799 0.307317 0.276299 0.252560 0.249742 0.226977 0.244570 0.284470 0.358648 0.546425 0.420584 0.313242 0.293834 0.239169 0.303846 0.584899 0.551233 0.783460 0.293140 0.353341 0.385431 0.231111 0.043502 1.034011 0.984838 0.256999 0.030610
