FB/MTT/SampleData/Outputs/Barriers_ELLIPSEDIM_C.asc
NCOLS 84
NROWS 94
XLLCORNER -2098.000000
YLLCORNER 3210.000000
CELLSIZE 30.000000
NODATA_VALUE -1
[rows 0 to 27 of 94, columns 0 to 62 of 84]
0.229391 0.158713 0.080086 0.079713 0.127964 0.228132 0.349571 0.387239 0.287663 0.245260 0.261830 0.281077 0.314462 0.315494 0.315986 0.532164 0.243026 0.243797 0.234214 0.271555 1.208547 0.230349 0.641557 0.986420 0.850809 0.793280 0.679617 0.622279 1.373782 1.075853 1.065503 0.713503 0.259439 0.018391 0.026231 0.028371 0.028655 0.030510 0.115421 0.115416 0.124579 0.119334 0.126562 0.148246 0.191250 0.328303 1.216892 1.166032 0.968118 0.861959 0.795875 0.521846 0.600761 0.099087 0.099087 0.186190 0.244689 0.122457 0.054971 0.028762 0.161904 0.250292 0.132241
0.052458 0.083576 0.104658 0.155748 0.270095 0.394806 0.424135 0.662269 0.186741 0.380311 0.243315 0.289109 0.314462 0.315494 0.291722 0.464365 0.237565 0.258004 0.263928 1.328290 1.264694 0.381268 0.751742 1.075355 0.778919 0.608487 0.559298 0.518053 1.246954 0.988967 0.972583 0.696596 0.414868 0.134603 0.023624 0.029517 0.028897 0.029787 0.030636 0.035456 0.123410 0.141707 0.138228 0.164683 0.197256 0.368699 0.368699 0.707530 1.024190 0.879511 0.786158 0.789622 0.783615 0.087657 0.123838 0.197917 0.237820 0.114020 0.077733 0.124571 0.128161 0.243589 0.155650
0.226505 0.154332 0.213691 0.265197 0.357908 0.390589 0.298833 0.411849 0.350807 0.386825 0.252022 0.289109 0.290724 0.291231 0.463147 0.237565 0.243418 0.292657 0.279839 0.078990 0.438849 0.363449 0.251214 0.758031 1.073547 0.458434 0.507806 0.750921 0.560683 0.900020 1.056588 0.632171 0.399090 0.242673 0.021843 0.030693 0.031648 0.027740 0.026494 0.029687 0.048274 0.042779 0.161778 0.152317 0.150031 0.426647 0.593780 1.565771 0.256951 0.858270 0.727514 0.762736 0.089831 0.116941 0.136160 0.192281 0.206399 0.114826 0.056270 0.032537 0.108450 0.191848 0.178565
0.180654 0.404274 0.262156 0.286279 0.357304 0.332968 0.229095 0.350807 0.406220 0.248524 0.273648 0.288540 0.268857 0.236792 0.431781 0.262701 0.284991 0.315986 0.302269 0.496260 0.400383 0.303604 0.222960 0.477537 0.390584 0.420723 0.345904 0.455827 0.534261 0.534261 0.893568 0.000000 0.879987 0.331713 0.242712 0.107094 0.024778 0.027008 0.028056 0.031913 0.039760 0.041386 0.192131 0.152250 0.134408 0.446833 0.690765 0.451960 0.241282 0.149462 0.654483 0.760087 0.066266 0.116169 0.159062 0.162067 0.148294 0.123616 0.055095 0.064289 0.155737 0.218133 0.151039
0.492371 0.477889 0.262995 0.291358 0.327153 0.287352 0.235540 0.428727 0.410008 0.472165 0.423740 0.456478 0.428344 0.430671 0.249687 0.291722 0.636846 0.334409 0.575265 0.538589 0.280900 0.280900 0.113257 0.303700 0.375193 0.211031 0.067132 0.163958 0.390584 0.571550 0.000000 0.000000 0.716546 0.290586 0.209662 0.118203 0.021163 0.024477 0.028056 0.031913 0.035046 0.038278 0.203891 0.165189 0.278414 0.482650 0.312791 0.513883 0.293926 0.057886 0.654483 0.727127 0.060382 0.115074 0.188308 0.126900 0.114162 0.148257 0.072469 0.041194 0.172938 0.206870 0.166722
0.315547 0.295298 0.295298 0.322159 0.305402 0.271286 0.228822 0.432722 0.193922 0.362520 0.391014 0.200154 0.200154 0.217659 0.236387 0.531418 0.583152 0.341738 0.334858 0.282654 1.039810 0.786059 0.517987 0.461255 0.321208 0.287111 0.230509 0.234207 0.800302 0.320981 0.419265 0.924607 0.519765 0.257574 0.181850 0.110021 0.018458 0.023609 0.028056 0.029743 0.060226 0.047520 0.041648 0.285100 0.303846 0.452690 0.528052 0.577500 0.971109 0.125954 0.085915 0.726810 0.088023 0.135078 0.160763 0.098820 0.109570 0.139648 0.080762 0.094015 0.174544 0.105656 0.168062
0.290168 0.321384 0.326685 0.291358 0.291358 0.279699 0.247256 0.434664 0.178622 0.180162 0.177596 0.198437 0.402067 0.248288 0.251671 0.315986 0.636846 0.341738 0.303532 1.135689 0.850574 0.235802 0.500948 0.453299 0.474417 0.490217 0.554645 0.507302 0.435890 0.000000 0.160599 0.704472 0.379204 0.252604 0.182314 0.090457 0.075752 0.025324 0.029100 0.029743 0.039099 1.891631 0.042172 0.057902 0.350570 0.360794 0.405170 0.510772 0.267664 0.100414 0.132188 0.051515 0.078778 0.133392 0.150420 0.080172 0.116310 0.145409 0.164499 0.193246 0.030403 0.029752 0.175733
0.294121 0.300354 0.274182 0.251322 0.231030 0.382522 0.376563 0.330587 0.161923 0.180654 0.196541 0.232699 0.247284 0.268355 0.291231 0.329182 0.333944 0.532628 1.188559 0.933363 0.429512 0.426596 0.000000 0.508419 0.670971 0.703973 0.704155 0.614201 0.692651 0.244986 0.268181 0.853038 0.217795 0.110999 0.148421 0.143720 0.109044 0.101599 0.026511 0.029498 0.029743 1.887909 0.062637 0.063461 0.458937 0.260682 0.376563 0.614581 0.418789 0.141769 0.183243 0.134879 0.068581 0.138335 0.138059 0.149033 0.149033 0.163403 0.196762 0.113692 0.028574 0.029926 0.037386
0.344265 0.304632 0.257505 0.212518 0.202562 0.350351 0.308980 0.160984 0.209068 0.386825 0.422149 0.244521 0.240391 0.269345 0.315986 0.369557 0.079948 1.073860 0.926259 0.711887 0.860729 0.940345 0.000000 0.468211 0.577490 0.687365 0.721596 0.665296 0.425577 0.434730 0.079960 0.231576 0.332627 0.306781 0.198969 0.245894 0.140871 0.109386 0.021932 0.028750 0.031913 0.046045 1.936598 0.378948 0.435442 0.407508 0.483989 0.709022 0.709022 0.385117 0.156839 0.215638 0.126063 0.057714 0.120543 0.120927 0.108889 0.104094 0.172387 0.032550 0.034001 0.031793 1.878238
0.321384 0.495028 0.407093 0.215681 0.209744 0.366482 0.189161 0.186741 0.485624 0.406220 0.389890 0.421920 0.441688 0.291722 0.370543 1.237579 0.037418 0.140173 0.648171 0.446515 0.643536 1.110676 0.000000 0.500948 0.677715 0.720312 0.825711 0.792790 0.717227 0.390726 0.201431 0.156461 0.358928 0.548864 0.507297 0.316242 0.192800 0.170912 0.022799 0.026588 0.026588 0.029743 0.034844 0.046926 0.046771 0.158526 0.490683 0.688228 0.592361 0.271387 0.111331 0.184847 0.084629 0.069838 0.185783 0.125216 0.126269 0.136947 0.035218 0.045854 0.046952 0.039868 1.912476
0.228219 0.248388 0.272046 0.288647 0.283640 0.282796 0.293172 0.498159 0.448942 0.185838 0.176689 0.374568 0.250124 0.587651 0.344419 0.914247 0.211989 0.500617 0.902409 0.801516 0.728555 0.833111 0.677148 0.711254 0.622793 0.604704 0.741776 0.703631 0.574739 0.400607 0.270507 0.270507 0.256747 0.267298 0.266881 0.524770 0.502072 0.538170 0.356858 0.144587 0.024318 0.029504 0.034844 0.046212 0.196984 0.162649 0.320315 0.318968 0.436612 0.117699 0.102272 0.150127 0.051107 0.057273 0.168430 0.127943 0.175382 0.000000 0.044210 0.032625 0.062345 1.938965 0.310579
0.258267 0.346250 0.365413 0.397080 0.434291 0.437165 0.748304 0.306978 0.166442 0.288265 0.305301 0.194294 0.222821 0.242543 1.100076 0.597379 0.721596 1.018050 1.018050 0.790008 0.607671 0.747045 0.711254 0.000000 0.613070 0.382113 0.623687 0.306768 0.222033 0.144607 0.267675 0.229443 0.333508 0.470395 0.192008 0.261982 0.629726 0.580187 0.573494 0.217826 0.023456 0.027139 0.039099 0.046045 0.115114 0.175323 0.319329 0.270716 0.327345 0.187487 0.042004 0.091615 0.101593 0.047784 0.025726 0.030829 0.041626 0.000000 0.045957 0.033174 0.038904 0.226285 0.258806
0.334409 0.381748 0.372139 0.403108 0.398002 0.359534 0.325401 0.219564 0.110886 0.121324 0.133930 0.155307 0.169570 2.733021 0.894181 0.629017 0.547970 0.862152 0.870713 0.880503 0.774787 0.752042 0.962098 0.631776 0.324453 0.180931 0.141439 0.179411 0.120899 0.173091 0.184877 0.162477 0.226763 0.564069 0.441630 0.170207 0.373114 0.294290 0.611056 0.451745 0.028080 0.029876 0.031913 0.031913 0.113636 0.175323 0.305680 0.219535 0.149341 0.109813 0.066411 0.082298 0.167526 0.011315 0.042349 0.031625 0.034844 0.046045 0.035219 0.040778 0.043221 0.249312 0.154316
0.306567 0.287654 0.266193 0.268034 0.081398 0.065224 0.065224 0.048688 0.085807 0.071618 0.095761 0.105171 0.148838 1.009876 0.915556 0.444075 0.623140 0.689649 0.895036 1.018722 1.074176 1.121192 0.000000 0.431311 0.299166 0.197160 0.201606 0.075395 0.123825 0.212247 0.170404 0.115450 0.106101 0.391692 0.573706 0.140232 0.132523 0.132268 0.395137 0.449860 0.186365 0.035388 0.039099 0.034844 0.185050 0.174401 0.276427 0.191777 0.141071 0.112718 0.094045 0.129616 0.121636 0.052004 0.059857 0.039099 0.039099 0.047118 0.036863 0.232384 0.210456 0.163372 0.121735
0.579738 0.221113 0.204830 0.190246 0.190069 0.170308 0.034150 0.028143 0.072816 0.036166 0.058521 0.116222 0.191832 2.596677 0.270165 0.509918 0.689649 0.879122 0.953289 0.980637 1.036548 0.000000 0.703973 0.419041 0.422325 0.411768 0.067934 0.094751 0.158503 0.214794 0.093911 0.078520 0.177639 0.369777 0.635568 0.147027 0.073154 0.069088 0.256467 0.491018 0.165296 0.040276 0.046045 0.039099 0.267298 0.155379 0.257227 0.180162 0.124483 0.121745 0.198577 0.224314 0.038854 0.044874 0.039099 0.046045 1.935913 0.072892 0.202604 0.202604 0.249141 0.224306 0.194954
0.249147 0.254805 0.142407 0.329808 0.192723 0.145688 0.102154 0.744434 0.080093 0.083299 0.151974 0.199508 0.343057 0.641429 0.522899 0.580800 0.865275 1.001347 0.720312 0.721596 0.790008 0.737806 0.637675 0.323696 0.147871 0.081561 0.077417 0.156016 0.098768 0.095226 0.090348 0.176063 0.175620 0.308964 0.686489 0.167413 0.143656 0.120682 0.245548 0.413457 0.128488 1.775750 0.039099 0.029743 0.106521 0.143211 0.193464 0.169407 0.129163 0.185848 0.185848 0.158776 1.771902 0.031502 0.035121 0.046300 1.927896 0.000000 0.588471 0.286735 0.201183 0.187199 0.201712
0.142352 0.081037 0.106552 0.164365 0.198792 0.162992 0.103188 0.763033 0.114350 0.437353 0.273178 0.294488 0.476042 0.490465 0.834726 0.737806 0.838624 0.631776 0.879484 0.000000 0.981960 0.794733 0.514913 0.133321 0.084525 0.098708 0.208663 0.208531 0.081376 0.028530 0.084233 0.228817 0.167876 0.146434 0.335914 0.354931 0.092164 0.161070 0.126085 0.175474 0.600761 0.055194 0.055194 0.034641 0.031913 0.270559 0.122384 0.149373 0.142804 0.123220 0.151504 0.172894 0.034798 0.032979 0.036625 0.000000 0.074429 0.487034 0.683868 0.267837 0.155533 0.146814 0.171392
0.142352 0.083852 0.085362 0.151661 0.195002 0.171313 0.114338 0.059464 0.150583 0.213944 0.438915 0.352261 0.240777 0.519159 0.834726 0.721596 0.478661 0.814299 0.497248 0.941705 0.698620 0.445267 0.293351 0.139908 0.088068 0.084662 0.187738 0.275504 0.021868 0.104336 0.148569 0.192942 0.160629 0.121177 0.121177 0.504925 0.492936 0.150961 0.064289 0.154862 0.151532 0.036494 0.054471 0.031548 0.034844 0.184597 0.876392 0.269760 0.119555 0.107058 0.029076 0.028428 0.000000 1.968103 0.000000 2.237793 0.509155 0.323435 0.305990 0.214402 0.130970 0.139680 0.143957
0.107521 0.118530 0.057293 0.279274 0.216899 0.182520 0.123342 0.057724 0.121773 0.411155 0.395609 0.722561 0.574862 0.383968 0.916921 0.702610 0.437993 0.536438 0.796896 0.626338 0.194265 0.222800 0.140592 0.166965 0.122430 0.122430 0.086076 0.122929 0.255435 0.152067 0.166668 0.214090 0.089604 0.083247 0.205842 0.452993 0.564069 0.293673 0.139369 0.087912 0.176544 0.135227 0.033630 0.037842 0.034524 0.059029 1.857789 1.847049 0.044105 1.832685 0.058377 0.039352 2.106793 2.084585 2.133587 0.511274 0.263928 0.237565 0.205437 0.157014 0.121292 0.121304 0.152886
0.130409 0.138678 0.026570 0.260225 0.255317 0.360339 0.138694 0.703789 0.840450 1.374542 0.937819 0.720788 0.570606 0.682575 0.953295 0.389671 0.231358 0.231358 0.327315 0.600749 0.260933 0.100561 0.109711 0.113568 0.297244 0.179848 0.124744 0.082298 0.206375 0.237771 0.154654 0.243346 0.163831 0.059391 0.708103 0.541977 0.793761 0.744582 0.382096 0.146196 0.177292 0.175382 0.086383 0.167305 0.037129 0.043818 0.044420 1.859210 1.871533 0.000000 0.060534 0.041525 1.467841 0.392066 0.276503 0.197329 0.220334 0.164479 0.152648 0.133271 0.136284 0.150015 0.160359
0.173933 0.202557 0.090448 0.128792 0.290395 1.185575 0.931068 0.395572 1.489610 1.489610 0.000000 0.784861 0.790008 0.652776 0.862189 0.509811 0.397809 0.548009 0.200907 0.317173 0.190087 0.075469 0.080536 0.167197 0.178859 0.479390 0.206445 0.251493 0.128024 0.315008 0.281232 0.216412 0.230843 0.291225 0.079874 0.179919 0.324039 0.557153 0.485601 0.216260 0.392550 0.062439 0.050694 0.079263 0.028407 1.860506 0.059867 0.045738 0.045738 0.038841 0.040929 1.116119 0.594702 0.160201 0.105614 0.149309 0.243418 0.191250 0.164371 0.153257 0.188088 0.208706 0.387246
0.627441 0.430006 0.279529 0.196783 0.198665 0.416183 1.390355 0.973191 0.736047 0.000000 0.000000 0.578979 0.815996 0.712853 0.588874 0.257206 0.359163 0.543277 0.342845 0.139541 0.214271 0.095613 0.081982 0.190655 0.411536 0.457137 0.166440 0.318779 0.039029 0.334272 0.348405 0.204570 0.084662 0.313236 0.320891 0.074503 0.133443 0.183501 0.325842 0.196201 0.261575 0.113914 0.060896 0.024991 0.030079 0.000000 1.889524 0.039455 0.040138 0.043353 0.047011 0.492796 0.327426 0.149485 0.096889 0.123368 0.274633 0.288284 0.326934 0.169924 0.432447 0.432447 0.518782
0.678733 0.308338 0.345174 0.351685 0.203480 0.668453 1.765737 1.271536 0.739184 0.703453 0.662842 1.010602 0.657243 0.575761 0.416432 0.184295 0.161117 0.363620 0.236701 0.196078 0.124507 0.138490 0.144406 0.144514 0.630220 0.496678 0.166221 0.307032 0.178424 0.192401 0.415900 0.631917 0.210330 0.101475 0.191144 0.059568 0.110569 0.133256 0.131653 0.185848 0.193033 0.111501 0.024942 0.032537 0.000000 1.887909 1.914747 1.938761 0.070584 0.400466 0.599172 0.416595 0.315936 0.315936 0.178338 0.176878 0.114345 0.260857 0.385945 0.504855 0.362076 0.333810 0.327423
0.726564 0.169253 0.050333 0.590108 0.423742 0.357012 1.671984 1.434877 0.897772 0.285936 0.785475 0.789884 0.520460 0.298098 0.238230 0.188439 0.226637 0.167373 0.202665 0.246523 0.100341 0.162560 0.139372 0.202442 0.750303 0.488872 0.184075 0.271246 0.403177 0.067721 0.216518 0.567722 0.357909 0.131460 0.122023 0.077481 0.178198 0.133256 0.155737 0.142093 0.027507 0.025277 0.031531 1.865888 1.865888 0.061063 0.041940 0.050883 0.070020 0.298757 0.228884 0.273710 0.169244 0.134359 0.098665 0.075752 0.125052 0.269341 0.843611 0.636516 0.193774 0.145441 0.175635
0.661093 0.338586 0.255644 0.261120 1.240582 0.583332 1.273486 1.434877 0.844539 0.450284 0.163475 0.631616 0.724806 0.164806 0.120670 0.064449 0.086034 0.128667 0.166215 0.145495 0.078161 0.153648 0.116707 0.497442 0.418311 0.197521 0.247361 0.071991 0.419002 0.155294 0.092497 0.316581 0.375673 0.098161 0.033773 0.093829 0.093829 0.101794 0.105687 0.196327 0.192447 0.027476 0.027269 0.031497 1.894762 0.065073 0.041097 0.276503 0.298938 0.164527 0.172941 0.183415 0.120108 0.136160 0.199945 0.106769 0.246229 0.422795 0.321155 0.292197 0.348609 0.162992 0.184140
0.554171 0.670971 0.523643 0.468211 1.332109 0.647708 0.634287 1.109604 0.515754 0.560992 0.162502 0.156472 0.759547 0.546507 0.135743 0.215446 0.089103 0.052381 0.126716 0.183641 0.103957 0.121255 0.183424 0.298686 0.240342 0.137509 0.483466 0.483466 0.161087 0.184847 0.136880 0.065901 0.106993 0.166036 0.179919 0.065544 0.066179 0.092959 0.244049 1.819091 0.199854 0.105944 0.028886 0.039505 0.000000 0.306700 0.142191 0.150835 0.314335 0.175374 0.140190 0.131280 0.032430 0.031637 0.029339 0.038683 0.279708 0.328303 0.219123 0.402172 0.176199 0.354687 0.228961
0.810923 0.772422 0.670971 0.562794 0.358175 0.524994 0.221153 0.467026 0.245857 0.239711 0.163984 0.069793 0.268783 0.495985 0.363045 0.264053 0.136088 0.077310 0.070378 0.070378 0.152029 0.193568 0.082608 0.261349 0.591500 0.173305 0.077046 0.354588 0.279273 0.092596 0.091891 0.055438 0.087009 0.119747 0.121467 0.084525 0.105652 0.155737 0.246893 0.172830 0.109685 0.111144 0.035155 0.937513 0.000000 0.039590 0.041615 0.054521 0.091671 0.096801 0.062710 0.039689 0.044373 0.038090 0.033429 0.035217 0.177408 0.164193 0.163657 0.309918 0.308964 0.313499 0.229444
0.955636 0.862081 0.703973 0.586668 0.360294 0.255776 0.144735 0.187995 0.146628 0.175256 0.185650 0.185650 0.266584 0.147272 0.445009 0.960507 1.141638 0.345229 0.113742 0.090567 0.145246 0.153406 0.149057 0.322159 0.353182 0.093859 0.104940 0.265588 0.369960 0.189923 0.141436 0.109231 0.099311 0.150318 0.120495 0.100266 0.162521 0.812986 0.102419 0.104376 0.107346 0.270373 0.000000 0.000000 0.068476 0.168072 0.269345 0.428326 0.576605 0.446056 0.652399 0.235929 0.359740 0.178866 0.150167 0.034658 0.036023 0.037836 0.138998 0.258447 0.197505 0.317441 0.178859
