FB/MTT/SampleData/Outputs/Barriers_MAXSPREADDIR.asc
NCOLS 84
NROWS 94
XLLCORNER -2098.000000
YLLCORNER 3210.000000
CELLSIZE 30.000000
NODATA_VALUE -1
[rows 0 to 27 of 94, columns 0 to 61 of 84]
5.893836 5.991192 6.086884 2.133301 2.466360 2.630525 2.713130 2.776059 2.875723 2.789186 2.645177 2.588755 2.522166 2.494991 2.481419 2.345680 2.450985 2.425900 2.431167 2.416214 2.234529 3.399811 4.110954 4.298042 4.204567 4.072352 3.969597 3.950804 4.046029 4.192803 4.338347 4.323041 4.282482 2.727006 2.010682 1.914261 1.915909 1.847603 1.683414 1.514700 1.423979 1.707223 1.971498 2.064033 2.196383 2.053620 2.065325 2.020011 1.963708 1.787332 1.695030 1.775464 1.951730 1.853005 1.853005 1.823194 1.849721 2.041648 5.364439 1.740516 1.628510 1.547530
0.017382 2.241242 2.710588 2.717042 2.653078 2.628734 2.698569 2.732354 2.741324 2.476789 2.595840 2.547624 2.522166 2.494991 2.481749 2.332280 2.461784 2.463125 2.440368 2.228911 2.236316 2.787326 3.920381 4.288923 4.191849 4.115685 4.088339 4.004356 4.054595 4.261528 4.536357 4.501741 4.421244 4.188882 2.138466 1.928180 1.825583 1.843763 1.745617 1.706357 1.614705 1.811197 1.998620 2.022430 2.003893 1.729078 1.729078 1.920360 2.029823 2.050454 1.973387 1.847598 1.975263 1.523143 1.996549 1.739167 1.676080 1.953611 4.876153 2.179627 1.757765 1.274144
2.150215 2.774132 2.980185 2.840529 2.629076 2.564935 2.629184 2.505380 2.451215 2.446613 2.638475 2.547624 2.508066 2.494902 2.340382 2.461784 2.438438 2.455471 2.475585 2.453583 2.353551 2.583859 3.748593 4.525107 4.347864 4.198477 4.134192 4.001017 4.263187 4.459219 4.689154 4.628614 4.496357 4.396833 2.795405 2.064885 1.943950 2.070154 2.033257 1.993501 1.962472 1.799293 1.840950 1.956571 1.852834 1.828237 1.883751 1.982084 2.042852 2.078703 2.060773 1.993645 1.730547 1.848045 1.892050 1.765751 1.571953 1.752282 4.930706 5.712804 1.695742 1.313684
2.579006 2.538598 2.898037 2.844286 2.643760 2.545582 2.603754 2.451215 2.530312 2.720345 2.656520 2.560834 2.492125 2.487649 2.310753 2.479580 2.480129 2.481419 2.529176 2.379010 2.301467 2.237704 5.240673 4.966546 4.694624 4.236692 4.136221 4.236436 4.464610 4.464610 4.850174 -9999.000000 4.717241 4.636468 4.517404 4.056586 2.227216 2.101980 2.076942 2.076942 2.055654 1.821786 1.753055 1.783604 1.808801 1.824163 1.849701 1.880166 2.029321 2.105566 2.089721 2.060139 1.515957 1.857559 1.875268 1.872726 1.645859 1.488769 5.974594 5.268249 1.828808 1.512913
2.522124 2.590694 2.825679 2.802532 2.689359 2.587295 2.640597 2.507258 2.513703 2.500618 2.446778 2.380702 2.332854 2.318135 2.449866 2.481749 2.464303 2.502695 2.439998 2.379288 2.238373 2.238373 5.642365 5.668916 5.406038 5.049194 3.834814 4.646892 4.694624 4.795625 -9999.000000 -9999.000000 4.740845 4.697541 4.543324 4.231410 2.547170 2.132377 2.076942 2.076942 2.070554 1.901258 1.528424 1.463839 1.791047 1.676742 1.590871 1.681648 1.977904 2.215480 2.089721 2.063458 1.628418 1.917470 1.895552 1.975542 1.560146 1.617488 1.703724 5.882604 1.912549 1.847443
2.769988 2.802088 2.802088 2.791009 2.713899 2.712736 2.696597 2.491665 2.649499 2.397541 2.353684 2.495763 2.495763 2.494350 2.500598 2.460255 2.450991 2.492776 2.488420 2.547926 2.227023 2.140652 5.510431 5.746012 5.648424 5.615609 5.723223 5.867502 5.383504 5.116613 5.131402 4.969807 4.847620 4.769688 4.629816 4.295485 3.064866 2.269411 2.076942 2.076942 2.076942 2.040501 1.635003 1.622209 1.732090 1.889513 1.799170 1.758920 1.988578 2.212729 4.880993 2.066149 2.019848 1.897315 1.804727 1.714528 1.276182 1.387926 1.379998 1.263854 1.906104 1.823934
2.755558 2.805616 2.802875 2.802532 2.802532 2.734006 2.747808 2.483843 2.623346 2.590072 2.573496 2.542823 2.362259 2.486217 2.539780 2.481419 2.464303 2.492776 2.486497 2.192518 2.128679 5.185055 5.875580 0.368568 0.602224 0.618061 0.677878 5.925245 0.085776 -9999.000000 5.471010 5.122016 5.055392 4.889884 4.579766 4.106404 3.275382 2.538821 2.109039 2.076942 2.076942 2.075455 2.011956 1.859110 1.887378 1.999926 1.784634 1.660260 1.869529 2.629263 4.570065 3.248363 2.197120 1.863455 1.671338 1.070650 1.585209 1.246861 1.197030 1.715863 1.842081 1.877618
2.652990 2.702532 2.739734 2.744165 2.730351 2.594726 2.416921 2.397521 2.589109 2.579006 2.590084 2.604667 2.510498 2.504810 2.494902 2.496080 2.516980 2.448224 2.185677 2.097981 2.101885 5.435183 -9999.000000 0.226410 0.261127 0.307492 0.491676 0.566584 5.998413 0.592200 5.580353 5.061498 4.837313 3.892112 3.767850 3.171580 3.580616 3.377049 2.283529 2.084400 2.076942 2.076942 2.066028 1.968923 2.011268 1.663909 1.616345 1.687777 1.921552 2.568700 4.418361 4.180818 2.282673 1.907045 1.800018 1.910309 1.910309 1.830821 1.461718 0.979227 1.514195 1.775955
2.752110 2.727724 2.722589 2.711339 2.647296 2.388243 2.360979 2.610301 2.707121 2.446613 2.455185 2.571393 2.526479 2.479450 2.481419 2.502860 2.506274 2.156430 2.077824 2.004421 1.861426 5.427887 -9999.000000 6.146175 0.108037 0.284573 0.510496 0.616932 6.069701 1.243559 0.599790 4.201297 3.910914 3.378372 3.772633 3.435151 3.786802 3.781520 2.566480 2.101144 2.076942 2.076942 2.071251 1.832172 1.731148 1.608513 1.795527 1.864282 1.864282 1.912540 2.087087 4.720165 5.411310 1.700208 1.832284 1.833779 1.733082 1.212158 1.254365 1.713099 1.812120 1.943837
2.805616 2.727498 2.696163 2.732557 2.760644 2.453568 2.745552 2.741324 2.623996 2.530312 2.431420 2.369367 2.455778 2.481749 2.474322 2.187812 2.168277 1.978716 1.745943 0.763252 5.943641 5.500059 -9999.000000 5.875580 6.038237 0.118082 0.454886 0.582028 0.143225 0.419431 1.657785 2.438071 3.236065 3.452383 3.677861 3.720284 3.718196 3.567385 3.209524 2.178862 2.178862 2.076942 2.076942 2.062449 1.711787 1.647763 1.757027 1.880807 1.815381 1.767105 0.044886 5.730060 6.088999 1.075841 1.698549 1.275399 0.640035 0.930296 1.552128 1.998278 2.035262 2.057054
2.709811 2.798048 2.856065 2.917417 2.949642 2.964524 2.909738 2.705275 2.640504 2.806363 2.596421 2.328553 2.437767 2.400945 2.409259 2.040836 0.893522 0.139249 6.218503 0.240535 6.157429 5.661405 5.563516 5.728880 5.878111 6.177134 6.246618 0.101651 0.173987 1.025001 1.222118 1.222118 1.560220 2.076942 3.076284 3.885932 4.123698 3.828753 3.792432 4.083439 2.360424 2.084495 2.076942 2.072405 1.966573 1.877202 1.821230 1.767230 1.654662 1.571628 0.061357 5.840747 4.635743 1.146333 1.417349 0.873582 1.263978 -9999.000000 1.958875 2.049034 2.058664 2.073513
2.597837 2.788335 2.949471 3.014664 3.030737 3.047246 2.997777 3.043220 3.111414 2.369783 2.236855 2.327554 2.284967 2.204831 2.069534 1.438947 0.510496 0.321526 0.321526 0.414916 0.161603 5.855799 5.728880 -9999.000000 5.844619 5.840853 5.543335 6.016181 0.495717 0.552392 1.643963 1.065020 0.936950 1.233370 1.958866 3.870466 3.908919 3.810207 4.111375 4.237291 3.066637 2.106286 2.076942 2.076942 2.069629 1.906595 1.780739 1.712400 1.674792 1.886440 2.707841 4.596081 4.711428 5.600192 1.697478 1.722537 1.989933 -9999.000000 2.072182 2.083182 2.084371 2.091204
2.502695 2.663200 2.877277 2.971050 2.998861 3.059968 3.158155 3.221412 3.086175 2.432575 2.210116 2.070960 1.964629 2.040054 1.960975 1.521943 0.493799 0.114776 0.330279 0.512031 0.564673 0.168535 6.039717 6.236764 0.122367 0.061814 1.470704 5.632159 1.454188 1.801256 1.800106 1.382950 1.054927 1.212922 1.398083 2.115862 3.825066 3.867157 4.336345 4.255598 3.427737 2.122956 2.076942 2.076942 2.076942 1.906595 1.752487 1.721357 1.725026 1.783427 1.970674 4.391602 5.580711 1.185183 2.039511 2.071022 2.076942 2.076942 2.079930 2.282295 2.331690 2.247522
2.358949 2.385629 2.555661 2.783483 2.809124 2.909905 2.909905 3.050478 3.557384 2.712658 2.117373 1.972852 1.652190 1.947713 1.899552 6.008654 0.187395 0.065522 0.163422 0.491414 0.384001 0.040022 -9999.000000 0.752348 1.120159 1.249072 5.541573 5.840159 1.836934 1.976059 2.037003 1.928034 1.822778 1.620220 1.615039 1.881579 2.546322 4.210089 4.433253 4.363023 4.194689 2.123266 2.076942 2.076942 2.076942 1.874331 1.713108 1.742574 1.731152 1.305505 0.496450 6.111673 0.197174 2.034171 2.075570 2.076942 2.076942 2.087753 2.188190 2.704600 2.748281 2.671867
2.572729 2.370926 2.067008 2.013407 2.158623 2.383688 2.604829 3.003349 4.242836 3.984451 0.166609 0.668328 0.845638 1.886395 0.230353 5.964878 0.065522 6.175607 0.023029 0.453193 0.342681 -9999.000000 0.307492 0.349406 1.534135 1.854364 2.142541 2.526819 2.127484 2.070826 1.896727 1.966347 2.058475 1.738436 1.676604 1.765856 2.093427 4.740852 4.809529 4.767531 4.316450 2.123287 2.076942 2.076942 2.076942 1.865328 1.663923 1.563812 1.447506 0.810338 0.166456 6.167651 1.977704 2.069027 2.076942 2.076942 2.083114 2.181129 2.548896 2.548896 2.784537 2.847528
3.092438 2.262854 1.921304 1.691633 1.629676 1.788174 2.066395 2.137049 4.633146 5.026429 5.520542 0.438080 0.386565 0.739285 0.415076 0.531082 6.148384 6.120535 0.118082 0.510496 0.414916 0.351837 0.746288 0.407102 6.221397 0.350384 2.128050 2.585769 2.801466 2.087163 1.574834 2.017952 2.074261 1.769487 1.597205 1.714698 2.036914 5.189290 5.218534 4.983697 4.205266 2.093266 2.076942 2.076942 2.076942 1.939486 1.572631 1.327047 0.885900 0.664380 0.664380 0.445866 2.063018 2.075376 2.082383 2.080823 2.086778 -9999.000000 2.318238 2.600546 2.669187 2.781957
3.367583 2.924966 1.972124 1.553975 1.525135 1.644078 1.976675 2.104088 4.751119 2.175490 5.261735 5.669101 0.425986 0.432427 0.229241 0.351837 6.092821 6.236764 5.929071 -9999.000000 6.072372 6.152436 0.103520 0.615530 0.745018 1.536136 1.978257 2.093909 3.838626 4.248028 1.901696 1.986403 2.054720 1.798922 1.521101 1.626298 1.918034 5.118431 4.878297 4.746115 2.202154 2.129349 2.129349 2.083182 2.076942 2.076060 2.021823 1.658547 1.216782 0.756476 1.003606 1.621077 2.069752 2.095742 2.123356 -9999.000000 2.242909 2.328260 2.334425 2.517505 2.556862 2.472204
3.367583 4.496508 1.956500 1.587981 1.528200 1.616796 1.912941 2.502725 5.016579 2.076942 5.295006 5.400133 5.998791 0.568568 0.229241 0.510496 0.172886 5.705426 5.745495 5.864110 6.134192 0.109856 0.526342 1.202659 1.678910 1.675040 1.581526 1.758775 2.076942 4.862679 2.175889 1.959981 1.917733 1.720635 1.720635 1.487709 1.414062 1.104953 5.168820 4.527712 4.457035 2.282390 2.112844 2.080924 2.076942 2.069447 2.047380 1.952823 1.420228 1.086693 1.603389 1.899027 -9999.000000 2.085668 -9999.000000 2.168495 2.504322 2.546679 2.387240 2.409161 2.249877 2.280873
4.184567 4.833074 1.655694 1.793449 1.528001 1.619026 1.876522 2.192243 1.007765 5.963156 6.272273 5.637469 5.807485 6.247967 0.934667 0.924443 6.002433 5.609691 5.529631 5.688195 6.159070 0.732198 0.500327 1.275321 1.840320 1.840320 2.497632 1.844324 1.493649 1.731058 2.251973 2.883538 2.315555 1.622656 1.481707 1.368818 1.212922 0.905779 1.409502 3.531312 4.220771 2.594716 2.150923 2.082471 2.072425 2.049498 2.054275 2.040994 1.959533 2.043172 2.027050 2.052736 2.089272 2.115076 2.128965 2.243293 2.440368 2.461784 2.297299 2.228471 2.167995 2.243526
4.623068 4.811074 1.110567 1.828527 1.489828 1.663642 1.706589 2.020130 5.691951 5.826147 6.280819 0.329907 0.324291 0.633024 0.843906 0.272887 0.005437 0.005437 5.592957 5.242228 5.407904 6.218797 0.733596 1.467573 1.508229 1.679005 2.324147 4.391602 1.658803 1.785187 1.999351 2.822817 3.943468 4.315606 1.675948 1.059201 0.978965 1.077516 1.414062 2.088595 3.861727 2.889906 2.555801 2.091916 2.042009 2.010580 2.004645 2.054090 2.063956 -9999.000000 2.063195 2.063015 2.176375 2.328727 2.251969 2.014329 2.012725 2.158704 2.173275 2.127463 2.226778 2.294154
4.650483 4.763721 5.184623 1.262347 1.265479 1.777725 1.899620 1.566331 5.576782 5.576782 -9999.000000 6.268888 0.414916 0.432653 6.006227 0.082371 0.346781 0.482422 0.102769 5.044180 5.010070 5.635461 0.948300 1.806758 1.661033 1.755421 2.091737 4.916889 1.622613 1.599416 1.446725 2.070800 4.085084 4.150164 2.842627 1.431810 0.926556 1.364792 1.292754 1.557862 1.982895 3.290836 3.348922 2.062744 2.000980 2.065500 2.063654 2.058003 2.058003 2.052995 2.038625 2.064133 2.301083 2.548633 2.371670 1.829027 1.715446 1.957500 2.204272 2.213549 2.505845 2.538564
2.245241 2.491449 4.811206 5.126817 1.216777 0.851043 1.436992 1.469522 0.143564 -9999.000000 -9999.000000 6.114911 6.105965 6.197893 6.007209 0.106335 0.534757 0.685539 0.689269 5.823388 4.904912 5.060225 1.580637 1.803943 1.792755 1.882245 2.208457 4.635688 2.588442 1.505020 1.245477 1.265520 2.478843 4.015897 3.973184 3.281813 1.660605 1.552963 1.269417 0.344014 0.430095 0.093104 0.538135 1.881748 1.956729 -9999.000000 2.075374 2.073916 2.091393 2.183993 2.261716 2.257974 2.554308 2.860622 3.038147 2.036116 1.642651 1.795184 2.162386 2.391644 2.531857 2.531857
2.167131 2.394427 4.951055 5.097431 6.259419 0.785661 1.130448 1.038561 0.528924 5.696361 5.461446 5.494690 5.915416 0.041443 6.260146 6.203660 0.126516 0.930075 0.640808 0.649440 5.511674 5.157726 1.743517 1.772257 1.841276 1.966273 2.345864 4.092138 4.155343 1.890097 1.413912 1.313654 1.544749 5.087583 4.932806 4.068081 2.041838 1.797780 1.129377 0.664380 1.052814 0.702018 1.477315 1.928439 -9999.000000 2.076942 2.077774 2.080629 2.145110 2.403192 2.572835 2.595165 2.323910 2.323910 2.582290 3.535497 2.169727 1.811066 1.819188 2.099770 2.111985 2.162392
2.068844 1.817885 2.076942 5.147935 5.417834 0.235866 1.075022 0.933081 0.805469 0.633491 5.151696 5.018221 5.316999 0.013720 0.089467 6.269695 0.513592 0.564625 0.803948 1.154284 5.833560 5.274387 1.779818 1.878271 1.884180 1.845697 2.107110 4.137206 4.366644 2.250639 1.762854 1.306453 1.002036 0.386215 5.415554 2.014917 2.056422 1.797780 1.828808 1.882901 1.924039 1.905561 2.004504 2.073530 2.073530 2.087881 2.147831 2.151016 2.162121 2.206619 2.254750 2.340575 1.578372 1.514769 1.855752 3.275382 2.548676 2.089886 1.909266 1.947353 1.649608 1.660221
1.939164 0.436244 0.285391 5.700249 5.335634 6.120860 1.132725 0.933081 0.266783 0.131243 5.385773 4.702862 4.673892 4.976753 0.011365 5.119235 0.211445 0.726418 0.856569 1.049560 0.069954 5.245583 1.909970 1.986388 1.884057 1.429697 1.462707 2.710034 4.480732 4.404371 2.027186 1.387234 1.080178 0.548344 5.044180 2.191724 2.191724 2.047531 1.926793 1.999782 2.013232 2.035278 2.049371 2.076084 2.078043 2.132781 2.237856 2.251969 2.264258 2.197234 1.993725 1.762195 1.569953 1.358796 1.600793 2.003102 2.185044 2.168328 1.861676 1.685278 1.661915 1.644078
1.344467 0.261127 0.251960 6.146175 5.455472 5.751894 0.348403 1.137436 0.610957 0.417767 0.190062 4.922850 4.454669 4.241865 4.267435 4.279327 4.339932 0.445747 0.861160 1.012398 0.289523 5.364495 2.047121 1.972782 2.023556 0.969566 1.075290 1.075290 1.233424 4.707009 4.655400 3.265525 1.820745 1.264909 1.431810 1.465213 1.988083 1.947165 1.970694 2.045811 1.990982 2.008596 2.049021 2.076833 -9999.000000 2.132743 2.237079 2.277140 2.339100 2.450767 2.261263 1.926827 2.242319 2.132227 2.070039 2.038588 2.071066 2.100264 1.916364 1.701457 1.616146 1.691482
0.599057 0.394323 0.261127 0.080206 6.164237 5.658018 0.086699 0.621312 0.330511 0.582758 1.024085 1.990037 4.198839 4.192020 4.150590 4.567266 4.136688 4.715806 1.461536 1.461536 1.115884 0.849424 6.152987 1.634998 1.802901 2.041845 0.242762 1.197774 1.072796 5.873811 0.633552 2.318650 2.052941 1.715259 1.207271 0.745018 1.494187 1.828808 1.966263 1.965989 1.990032 2.039741 2.072133 2.078424 -9999.000000 2.170189 2.229447 2.355286 2.524156 2.815500 3.002136 2.472477 2.771343 2.635991 2.476023 2.235586 2.036299 1.967937 1.921534 1.777006 1.769487 1.807205
0.583547 0.493338 0.307492 0.347093 0.906251 5.687983 6.170947 0.228737 0.514252 1.158448 1.595303 1.595303 2.075807 3.567763 4.275605 4.468173 3.304337 4.212584 4.273111 2.548816 1.866688 1.188195 1.406596 1.362875 1.319057 0.820145 5.605759 1.202846 1.252068 0.866181 0.407575 1.477076 1.842494 1.717957 0.976095 0.871307 1.698578 1.968414 1.893318 1.973985 2.030773 2.075042 -9999.000000 -9999.000000 2.111400 2.266830 2.479450 2.609005 2.613394 2.922783 3.414683 3.318117 2.932864 2.946314 3.081262 2.574892 2.143538 1.906877 1.763329 1.804767 1.729224 1.845205
