FB/MTT/SampleData/Outputs/Barriers_ELLIPSEDIM_B.asc
NCOLS 84
NROWS 94
XLLCORNER -2098.000000
YLLCORNER 3210.000000
CELLSIZE 30.000000
NODATA_VALUE -1
[rows 56 to 83 of 94, columns 0 to 62 of 84]
0.353213 0.341981 0.558965 0.653473 3.378110 3.381504 0.118575 0.094828 0.095026 0.120264 0.101050 0.127132 0.127132 3.755846 0.570818 0.732060 1.064079 0.818172 0.670782 0.792466 1.245824 0.665335 0.100926 0.095675 0.487521 0.507235 0.450365 0.414994 0.374789 0.356886 0.427214 1.217463 1.303592 1.309035 0.672165 1.275625 1.194297 0.565381 0.664054 0.651655 0.686844 0.723700 0.854356 0.902954 0.897457 1.118727 1.055875 0.986211 0.930186 0.744770 0.775663 0.816619 0.783815 0.860444 0.661050 0.686844 0.587195 0.119343 1.670136 0.130190 1.017961 1.580746 0.415206
0.337000 0.665615 0.625738 0.625738 0.570603 3.395590 0.137670 0.094943 0.100140 0.110904 0.101015 0.411647 0.532022 0.778096 1.142106 1.267766 0.833851 0.957116 0.420163 0.930909 0.711782 0.663099 0.375528 0.095182 0.149879 0.561833 0.477501 0.419585 0.418700 0.407432 0.856717 1.222132 0.668656 0.698759 1.392772 1.307740 0.634819 0.626509 0.813563 0.858073 0.958647 1.131986 1.263953 1.261227 1.187696 1.251034 1.249153 1.318515 1.459021 1.395382 1.192591 0.903555 0.821929 0.763179 0.665120 0.572335 1.788330 0.110930 1.632416 1.707200 0.864385 1.633831 1.544729
0.515851 2.712381 1.430997 0.626467 1.973087 1.235840 0.104255 0.094995 0.110183 0.629349 0.447267 0.658289 0.961416 1.348583 1.506218 1.198745 0.633316 1.007829 0.430927 1.030053 0.673644 0.670250 0.436457 0.100501 0.151212 0.591909 0.470985 0.436177 0.749098 0.783599 0.508170 0.635250 0.669530 1.306402 1.309035 1.392772 0.743495 0.820097 0.627362 0.737245 0.911570 1.074311 1.296164 1.279083 1.255702 1.251651 1.322413 1.396038 1.475923 1.476059 1.182976 0.705492 0.719743 0.821093 0.658850 0.501802 0.501802 0.399843 0.101553 1.623762 0.123358 0.128148 1.622592
0.651448 1.357002 1.495320 1.224299 3.409760 0.000000 0.110116 0.097541 0.121493 0.978568 0.740712 1.140407 1.355296 1.421724 1.208334 0.692773 0.658390 0.957806 0.448498 1.025167 0.540673 0.440245 0.489805 0.363851 0.125959 0.590190 0.486440 0.770837 0.804795 0.891023 0.572219 0.670350 1.306402 1.305019 1.392772 0.739126 0.745620 0.662159 0.472337 0.607967 0.744279 1.796509 2.136104 1.074086 1.267792 1.255044 1.322413 1.322413 1.397340 1.476722 1.545806 1.229276 0.872796 1.098668 0.955367 0.649664 0.864032 0.805302 0.102353 0.108868 0.127493 0.127669 1.604643
1.493724 0.487045 0.640002 0.000000 0.000000 0.000000 0.097446 0.626803 3.544097 1.447060 1.146988 2.931217 2.892295 1.088579 0.778503 0.457559 0.697830 0.800925 0.431480 0.829050 0.457009 0.437219 0.527684 0.436163 0.110184 0.148470 0.533387 0.491569 0.493576 0.522568 0.597393 1.168616 1.236854 1.309035 1.153908 0.491974 0.767397 0.709617 1.268909 1.268909 0.822541 2.014164 2.132262 1.846841 1.824046 1.494745 0.814412 1.061118 1.180028 0.350407 1.379188 1.440850 0.343008 1.121075 0.875743 0.635062 0.122934 1.607981 0.390850 0.407426 0.493926 0.129541 1.600622
0.319167 0.341967 1.954942 0.137902 0.138121 0.119641 0.102291 0.662140 0.907872 1.029606 1.348899 1.352857 1.090383 0.737645 0.503911 0.377501 0.624709 0.665043 0.409645 0.699958 0.457009 0.433345 0.602941 0.608269 0.101173 0.118267 0.590086 0.565777 1.090260 1.034060 0.543940 0.597730 1.090260 1.028790 0.972516 0.632356 0.359653 0.806797 0.467762 0.625438 0.831623 1.080031 0.369581 2.418451 1.801073 1.494745 0.173984 0.154281 0.735779 0.855104 1.035886 0.323339 1.261359 1.077124 1.020216 0.670629 1.559435 0.447410 0.119375 0.462624 0.579412 0.141270 1.569244
0.320278 0.340113 0.338482 0.099193 0.094783 0.111110 0.383245 0.450782 0.628303 1.208427 1.354132 1.213048 0.747410 0.938114 0.374731 0.344252 0.520116 0.563258 0.463277 0.601505 0.492334 0.418494 0.418494 0.462785 0.644185 0.575657 0.101926 0.134610 0.591502 0.623489 0.603120 0.601790 0.559718 0.618610 0.581813 0.680096 0.420076 0.428370 0.429133 0.561793 0.775881 1.053608 0.364246 3.233459 2.912888 2.251818 2.406667 1.697101 0.525741 0.151929 0.698930 0.989370 0.296391 1.947730 1.143013 0.863381 0.694649 0.554025 0.503083 0.545962 0.677917 4.083735 0.515049
0.327928 0.340215 0.093078 0.096357 0.103969 0.113317 0.148681 0.641835 0.914251 1.353367 1.288062 0.918709 0.500089 0.373057 0.373057 0.348858 0.327378 0.413438 0.485423 0.539788 0.560217 0.485323 0.383100 0.373677 0.513584 0.644640 0.463123 0.105552 0.559022 0.592746 1.153908 0.543338 0.514948 0.504588 0.515669 0.775608 0.631209 0.383142 0.411687 0.554593 0.811312 2.814841 2.621754 0.000000 0.000000 0.000000 3.820235 2.299360 1.698205 1.613462 1.592673 0.633721 1.701127 1.943933 0.336366 1.164853 0.985975 0.881362 0.794691 0.805525 0.844695 0.612862 0.601034
0.322951 0.101981 0.091325 0.094147 0.104087 0.125747 0.125747 4.788342 0.930235 1.282169 2.620584 0.981421 0.628685 0.408727 0.346901 0.336927 0.337291 0.370912 0.410670 0.494387 0.524879 0.457146 0.365574 0.399351 0.447627 0.572366 0.603902 0.102142 0.125428 0.591164 0.595926 0.553031 0.526382 0.491811 0.440964 0.389044 0.387926 0.396067 0.447313 1.071638 1.748204 2.937245 0.000000 0.000000 0.000000 4.453260 0.000000 0.000000 5.644066 1.753529 1.604094 1.505577 1.454506 1.812254 2.501464 1.367612 0.368011 1.317237 1.251034 1.058970 0.873748 1.688225 0.721677
0.320337 0.095234 0.115481 0.096282 0.104093 0.106316 0.145798 1.740661 1.088232 2.579134 2.330197 1.502489 0.863623 0.633397 0.361918 0.356876 0.352199 0.371582 0.694523 0.483434 0.482762 0.444795 0.410977 0.457559 0.454786 0.516569 0.681881 0.514399 0.099328 0.134655 0.585797 0.544849 0.540504 0.540504 0.477657 0.429650 0.424753 0.433901 0.755659 0.955094 1.340928 2.823573 0.000000 0.000000 0.000000 0.000000 0.000000 0.000000 0.000000 2.404239 1.813910 1.591652 1.414758 1.673162 2.119610 1.232014 1.461741 0.415379 0.415379 1.400596 0.292263 0.959892 0.835047
0.318403 0.328825 0.108833 0.119214 0.110123 0.157984 0.637203 0.792466 1.029606 1.901172 2.590158 1.984097 0.848932 0.375267 0.367686 0.359879 0.355233 0.378488 0.406873 0.435316 0.437781 0.474062 0.466257 0.457559 0.452199 0.491980 0.609212 0.607516 0.418183 0.099544 0.131959 0.110715 0.123444 0.517835 0.488323 0.479110 0.504778 0.446709 0.359383 0.103787 0.135187 0.770566 3.039063 0.000000 0.000000 0.000000 0.000000 0.000000 4.118223 2.271039 2.271039 2.056929 0.113850 1.671138 1.674794 1.784419 2.078004 2.466444 1.246107 0.330315 1.083731 1.068040 1.057062
0.535275 0.328445 0.092473 0.109846 0.143699 1.498371 0.863991 0.773853 0.699974 0.524015 1.773618 2.542584 0.691455 0.416297 0.375332 0.357934 0.376955 1.630711 1.666313 0.407105 1.700936 1.715011 0.130010 0.425466 0.482564 0.523446 0.610560 0.641678 0.544147 0.111801 0.098055 0.365929 0.099560 0.111238 0.112457 0.112086 0.110850 0.362004 0.140030 0.139168 0.122404 0.122404 0.124061 0.186071 2.530430 2.951647 2.971781 3.425453 0.000000 0.000000 2.424447 2.243634 0.148141 1.790392 1.694231 1.698476 1.818292 1.972204 0.906514 0.982797 0.899057 0.985099 1.036591
0.575395 0.103302 0.107747 0.105195 0.153451 0.975726 0.969339 0.913068 0.815519 1.498067 0.428068 0.820097 1.990096 0.597076 0.421313 0.375022 1.647182 1.664340 1.662392 1.658920 0.404142 0.124468 0.125530 0.387031 0.380968 0.423518 0.538782 0.570253 0.544382 0.522875 0.455875 0.708418 0.602850 0.602850 0.521340 0.474831 0.133414 0.149803 0.653568 0.648310 0.647338 0.681707 0.579285 0.117675 0.126395 2.328696 0.915706 1.080195 3.668533 4.374629 3.461498 2.507215 2.072344 1.889073 1.745626 1.696983 1.678363 1.728389 0.632760 0.746096 1.490827 1.378519 1.372482
0.102691 3.411241 0.109846 0.103588 0.183226 1.140269 1.144355 0.879183 1.772406 1.279032 0.661050 0.408240 0.780595 1.762787 0.568765 0.406932 1.704793 1.647429 1.602441 0.356046 0.382168 0.386613 0.379238 0.353868 0.343319 0.343319 0.338944 0.380181 0.477295 0.520793 0.594934 0.755738 0.945168 1.131558 1.004490 0.898306 0.806728 0.725038 0.768773 0.936583 0.905154 1.026703 0.953958 0.667847 0.116551 0.134971 0.207953 2.213055 2.236732 3.791034 0.000000 3.043532 2.326982 1.978896 1.831672 1.766638 1.720904 1.692355 1.693995 0.528651 1.347278 1.320832 0.222330
0.097029 0.105246 0.100047 0.118384 0.695611 1.088010 1.082477 0.881556 1.165187 0.936105 1.111583 0.470268 0.465183 0.744386 0.694185 0.487806 0.472337 0.441160 0.846136 0.356183 0.353721 0.366765 0.366933 0.366909 0.357835 0.343541 0.336762 0.350930 0.418870 0.531479 0.637899 0.718902 0.869122 0.965115 1.022834 0.948842 0.920715 0.765672 1.429553 1.514181 1.336019 1.269688 1.119132 0.988631 0.738434 0.119172 0.117482 0.909521 2.329364 3.546849 0.000000 2.399933 2.344473 1.979435 1.878300 1.832636 1.832636 1.759250 1.667927 1.587161 1.448412 1.562038 2.055173
0.119328 0.929476 0.124000 0.526512 0.775318 0.975803 0.970307 0.918011 0.918011 0.829066 0.901186 0.709540 0.524029 0.581615 0.564477 0.537416 0.503439 1.061139 0.943814 0.816253 0.364215 0.359953 0.347396 0.346985 0.347450 0.353071 0.352661 0.355683 0.423300 0.541212 0.641747 0.804700 0.901795 1.085519 1.203169 1.119834 1.060718 1.126952 2.218312 1.981336 1.766602 1.488121 1.248090 1.224119 1.144555 0.619525 0.130262 0.196031 1.348639 1.653414 3.580113 2.899645 2.311339 2.150608 1.933230 1.839136 0.136968 0.139841 1.671195 1.597442 1.577694 1.608459 0.664176
0.631004 0.613317 0.616126 0.539065 0.690465 0.916416 0.969339 0.966235 0.914800 0.827659 0.481971 0.383045 0.419520 0.584305 0.614191 0.586140 0.501956 0.510388 0.474435 0.454097 1.713071 0.107795 0.358263 0.341357 0.385101 0.371804 0.364118 0.365949 0.440708 0.562037 0.722557 0.725869 0.854177 1.161112 1.260651 1.578871 1.667398 2.093403 2.351453 2.211183 2.084950 1.851458 1.654949 1.621874 1.515967 1.096853 0.869302 0.123878 0.340192 1.720419 3.336027 2.685571 2.507215 3.002914 2.190473 1.827495 0.130809 1.757678 1.670827 1.623903 1.648968 1.607851 1.563510
0.461892 0.547186 0.545386 0.607205 1.024462 1.277462 1.139846 1.076953 0.969002 0.781639 0.485380 0.413578 0.394045 0.507794 0.479331 1.085673 0.380681 1.723713 0.120895 1.735310 1.702822 1.650085 0.109999 0.372962 0.395977 0.375849 0.354069 0.375754 0.470468 0.561906 0.658572 0.499249 0.575371 0.700600 0.865017 1.289963 1.768980 2.352650 1.700486 1.501682 1.411558 1.400090 1.469819 1.714116 1.839816 1.685817 4.641202 0.586391 0.176061 1.413058 4.140483 0.000000 0.000000 0.000000 4.684344 3.086045 2.067013 1.839328 1.776345 1.690648 1.687237 1.615810 1.581986
0.498833 0.693939 0.654654 0.767268 1.350504 1.421127 1.074725 0.965854 0.916190 2.025544 1.664364 0.115725 0.373688 0.431228 0.375434 0.381080 0.358769 0.414927 0.132625 0.126628 1.664670 1.637448 0.111068 0.389536 0.367095 0.350555 0.352569 0.383835 0.501174 0.517642 0.487475 0.483549 0.481145 0.601640 0.668926 0.783203 3.220667 1.616105 2.145642 0.174926 0.677067 0.729662 0.843507 1.149758 1.149758 0.457022 1.769909 1.986207 1.230751 0.513702 0.148664 0.268124 3.694571 0.400819 5.427317 4.896238 2.899187 2.098376 1.862610 0.128448 0.124473 1.647429 1.592636
0.583169 1.119031 0.620277 0.816908 1.429112 1.208997 0.814952 0.698356 0.742227 0.139950 1.619569 0.107710 0.369146 0.398020 0.369392 0.353047 0.759001 0.843580 4.130450 0.147323 0.129423 0.103968 0.365798 0.370068 0.368151 0.356083 0.352997 0.372162 0.425702 0.488867 0.481625 0.499858 0.526110 0.627362 0.775521 0.775521 0.782207 2.781331 3.156642 2.243634 1.726333 0.473156 0.517003 0.573917 1.796835 1.057371 1.178732 1.757860 1.546628 1.049019 0.753423 0.411624 0.163867 0.136248 1.354705 4.972417 3.852400 2.584948 2.126967 1.883713 1.829727 1.696880 1.618593
0.537674 0.458345 0.496167 0.972262 2.902225 0.831477 0.501693 0.481625 0.543823 0.131654 1.647659 0.111390 1.625513 0.414146 0.387514 0.350616 0.870605 0.919677 4.108716 0.136703 0.122970 0.352647 0.353612 0.350234 0.369323 0.356637 0.362615 0.362615 0.387031 0.375833 0.401128 0.418209 0.480901 0.530077 0.621243 0.816526 0.866863 2.899655 3.127409 1.137966 2.094514 1.725622 1.664340 0.497497 0.532719 0.746281 1.065428 1.571661 1.546628 1.175044 1.181622 1.052024 0.602850 0.157308 0.658867 1.270394 1.358227 3.017247 2.502228 2.072344 1.829727 1.838783 1.675189
0.570490 0.579713 0.501833 0.975062 0.923693 0.477882 0.366154 0.406139 0.432144 1.726624 0.125726 1.613240 0.839824 0.958949 0.449484 0.423804 0.419842 0.428488 0.428488 0.428386 0.128663 0.122818 0.796544 0.796741 0.369712 0.372107 0.352357 0.359840 0.383957 0.384378 0.360024 0.364803 0.436770 0.477969 0.559467 0.731385 0.815319 0.864023 2.762660 3.127409 2.660472 0.692770 1.726132 1.679243 0.509483 0.183251 0.970732 1.489843 2.711104 0.878000 0.792738 0.989551 0.979430 0.143214 0.584698 0.911480 1.019756 0.272961 2.732062 2.264740 1.963075 2.124864 1.759971
0.748033 0.785546 0.741701 0.698960 0.601505 0.628926 0.374821 0.395839 0.387288 1.723713 1.723713 1.694994 0.816242 0.823184 0.883905 0.410858 0.338332 0.340191 0.096257 0.115756 0.113627 0.369133 0.366808 0.364899 0.374365 0.347691 0.341724 0.360232 0.400250 0.395926 0.362533 0.344476 0.388750 0.462528 0.503162 0.618537 0.771921 0.773895 0.865017 1.031899 3.017247 2.588304 1.960983 1.722135 1.763559 1.867477 1.845590 0.338461 2.378919 0.721496 0.512591 0.469118 0.538782 0.119637 0.580522 0.695081 0.775501 0.231645 0.231478 2.335628 2.355474 2.762660 2.282670
0.926524 0.785546 0.534395 0.695603 0.553558 0.500977 0.633905 0.395820 0.395482 0.358688 0.891338 0.390332 0.364713 0.352287 0.817831 0.353079 0.345198 0.337812 0.344344 0.360010 0.371567 0.346042 0.773493 0.813203 0.821951 0.366922 0.351294 0.371401 0.378356 0.364475 0.356886 0.339974 0.371977 0.439272 0.463559 0.513339 0.652376 0.690724 0.772725 0.968533 2.918667 2.912518 2.416395 1.925081 1.826291 1.905365 0.590270 0.973853 2.194323 1.453558 0.113222 0.363700 0.100404 0.126764 0.552340 0.588836 0.624464 0.167454 0.164185 0.181811 2.501479 1.036240 3.104591
3.082248 0.789982 0.352256 0.388585 1.763528 1.865847 0.140975 0.424352 0.359336 0.766451 0.380196 0.389828 0.349810 0.356105 0.366622 0.354889 0.344780 0.337405 0.344521 0.363352 0.378283 0.363352 0.353322 0.371871 0.387162 0.380829 0.394189 0.394154 0.369537 0.336865 0.332655 0.354170 0.373287 0.425976 0.450037 0.469286 0.526003 0.617833 0.731173 0.866454 0.876195 2.713058 2.823659 2.366679 2.045460 1.916623 1.763559 0.233971 2.290110 1.357351 0.111022 0.100425 0.091374 0.129617 0.129617 0.128893 0.503707 0.564863 0.145209 0.124098 0.452048 0.588576 1.022290
1.154695 1.075246 1.644612 3.924697 1.673858 1.744360 0.135135 0.121478 0.357488 0.355683 0.812154 0.796237 0.346388 0.345126 0.801002 0.351367 0.343556 0.772871 0.361646 0.397376 0.903216 0.839397 0.811897 0.835469 0.833216 0.381160 0.404003 0.389259 0.375972 0.346246 0.339658 0.369739 0.363086 0.385015 0.425771 0.450365 0.463735 0.530503 0.698293 0.826860 0.782473 2.548860 2.736411 2.736411 2.468647 2.109998 2.478707 1.829727 1.468768 2.497400 1.013677 0.596069 0.115746 0.372675 0.112466 0.435894 0.136523 0.486590 0.123878 0.109539 0.388456 1.967008 3.260037
2.028818 1.059818 1.726132 0.121867 1.662947 1.680351 0.120334 0.114578 0.360949 0.360457 0.773869 0.342729 0.343168 0.776481 0.858069 0.360569 0.390572 0.419401 0.474030 0.539179 0.555078 0.497710 0.469094 0.425769 0.348626 0.355520 0.403235 0.388750 0.387426 0.362004 0.354255 0.394745 0.373222 0.385561 0.459935 0.458478 0.425995 0.425995 0.493548 0.699231 0.221176 0.774216 0.777862 0.832137 0.259385 2.851913 1.159948 0.174244 1.567657 2.578981 1.352945 0.971364 0.641904 0.579902 0.105761 0.124255 0.482396 0.465107 0.394215 0.360558 0.104048 4.631396 0.000000
0.823175 0.550800 1.760125 1.695642 1.693351 1.687975 0.120457 0.114578 0.357345 0.350975 0.351084 0.356093 0.366154 0.381618 0.839961 0.379826 0.460355 0.501295 0.558673 0.619077 0.583788 0.549660 0.492183 0.397998 0.347414 0.788773 0.404159 0.408850 0.425990 0.425990 0.386820 0.417162 0.440891 0.433186 0.449218 0.530503 0.513010 0.453749 0.532379 0.663178 0.699647 0.737376 0.736804 0.741263 2.537903 1.156866 1.270896 2.781331 1.693335 2.215563 1.553217 1.298696 0.975232 0.923249 0.522205 0.107154 0.134864 0.129680 0.109558 0.360361 1.647429 2.880594 0.000000
