FB/MTT/SampleData/Outputs/Barriers_ELLIPSEDIM_B.asc
NCOLS 84
NROWS 94
XLLCORNER -2098.000000
YLLCORNER 3210.000000
CELLSIZE 30.000000
NODATA_VALUE -1
[rows 28 to 55 of 94, columns 0 to 62 of 84]
2.083605 1.884581 1.884581 1.653219 1.450331 0.902353 0.482634 0.414450 0.379716 0.353006 0.455968 0.519535 0.382819 0.359755 0.643696 1.181938 0.840660 1.508789 0.913504 0.465780 0.377714 0.318404 0.588914 0.931336 0.684034 0.414179 0.502437 0.576793 0.792890 0.573498 0.479780 0.622000 0.509825 0.473808 0.348341 0.514246 0.574744 0.682018 0.100222 0.356368 0.608617 0.000000 0.000000 2.110275 0.110263 0.548312 0.772516 0.975609 1.776865 1.173560 1.129026 1.039047 0.883985 0.455654 0.408806 0.379018 0.098566 0.098230 0.100813 0.390465 0.455968 0.781343 0.709705
0.000000 0.000000 2.243037 1.367647 0.796866 0.406009 0.399146 0.396156 0.377733 0.344282 1.110808 0.601460 0.412321 0.351369 0.436905 0.415991 1.081208 1.248225 1.300438 0.554220 0.428710 0.371221 0.348465 0.363866 0.943601 0.767255 0.440828 0.600842 0.632515 0.351928 0.497585 0.549531 0.560893 0.506186 0.097193 0.102371 0.118222 0.103927 0.110806 0.000000 0.000000 0.000000 0.143673 0.109000 0.407324 0.736371 1.798195 1.729149 0.661752 0.492183 0.880402 1.027719 0.497552 0.472834 0.421092 0.421092 0.379937 0.097429 0.094798 0.097227 0.095316 0.112594 0.417370
2.018693 1.344449 1.775698 4.246879 0.982941 0.370136 0.586141 0.494832 0.348747 0.337842 0.495103 0.613207 0.533396 0.425995 0.392919 1.184033 1.177957 0.393269 0.695785 0.629812 0.628130 0.549303 0.335883 0.341194 0.368284 0.420292 0.476345 0.464286 0.382045 0.376259 0.350898 0.099249 0.117691 0.117259 0.098938 0.099700 0.099924 0.097360 0.000000 0.000000 0.000000 0.110308 0.632356 0.725342 0.548603 1.409919 1.409919 0.675843 1.327407 1.029539 0.432760 0.487058 0.519865 0.526140 0.495705 0.490108 0.460273 0.418476 0.104947 0.098153 0.100344 0.101980 0.103618
0.355239 0.645308 0.526188 1.187683 1.265776 0.739927 0.330686 0.326195 0.348605 0.340762 0.463269 0.570397 0.533396 0.476658 1.281750 1.153546 0.609713 0.851942 0.498909 0.365402 0.727051 0.910449 0.461957 0.360386 0.338439 0.385729 0.346678 0.346927 0.361334 0.380565 0.108234 0.119002 3.408552 3.408526 3.410383 3.410062 3.408447 3.422071 0.000000 1.034109 3.528793 0.115211 0.374393 0.633986 0.479124 1.325411 1.171929 0.579554 1.100446 0.525478 0.401246 0.469129 0.472304 0.525086 0.521720 0.517638 0.514432 0.487921 0.441123 0.108126 0.439640 0.118603 0.103685
0.916607 2.009714 0.809222 0.617766 0.907521 0.951146 0.646579 0.316380 0.319007 0.316198 0.369863 0.489113 0.485452 0.623268 1.203357 1.153546 0.905288 1.027531 0.976893 0.799227 0.493293 1.436201 0.612924 0.385551 0.318855 0.348879 0.352232 0.330960 0.093284 0.101716 0.119214 0.000000 0.000000 0.000000 0.119210 3.409471 0.000000 0.000000 3.726342 2.371802 0.824491 0.377377 0.363965 0.375302 0.516378 0.708967 1.088191 1.019039 0.544682 0.565381 0.413454 0.369240 0.628326 0.471917 0.520793 0.517638 0.545386 0.515336 0.488503 0.444108 0.476719 0.435287 0.105819
0.860779 0.994013 1.163312 0.405036 0.362851 0.487717 0.458427 0.374859 0.361958 0.317876 0.352747 0.415975 0.428847 0.360169 0.438908 0.517945 0.630426 0.668781 0.791258 0.829652 0.760744 0.760744 0.599333 0.405447 0.461526 0.319757 0.339156 0.334366 0.111273 0.118184 0.000000 0.000000 3.409563 3.407746 3.410752 0.120673 3.503127 3.639892 0.508436 0.475207 0.471450 0.416229 0.588040 0.572798 0.515314 0.626065 0.616720 0.615732 0.653221 0.696252 0.556960 0.380507 0.688636 0.660433 0.790595 0.518707 0.546302 0.547267 0.548810 0.523429 0.493723 0.422939 0.375923
0.807693 0.654397 2.768033 0.607505 0.358933 0.358915 0.455871 0.463138 0.744069 0.362361 0.341176 0.644449 0.430442 0.430442 0.533004 0.466710 0.626421 0.558952 0.428665 0.524915 0.619708 0.685418 0.375922 0.335455 0.348669 0.326806 0.093106 0.094482 0.117341 0.000000 1.591318 3.410122 3.407721 3.440364 3.457151 0.107674 0.484136 0.980673 0.476600 0.867139 0.812590 0.739870 0.654271 0.351343 0.448705 0.453622 0.543967 0.616552 0.695582 1.503971 1.303592 0.522568 0.815264 0.623022 0.668512 0.466991 0.518707 0.975971 0.584135 0.585668 0.483610 0.433345 0.386704
0.340036 0.913504 1.757805 1.191931 0.450754 0.450754 0.338283 0.362677 0.336520 0.679794 0.862530 0.593791 0.587254 1.695428 0.555419 0.393646 0.339692 0.544486 0.459010 0.449805 0.499459 0.369863 0.368433 0.468772 0.359406 0.442957 0.093608 0.103197 3.408103 0.000000 0.000000 0.000000 0.000000 0.000000 0.114052 0.114379 0.469074 0.492068 0.434563 0.724224 0.662264 0.578410 0.615298 0.561503 0.353079 0.359409 0.394080 0.542376 0.694956 1.585606 1.601902 1.165957 0.547017 0.661049 0.642470 0.704544 0.469129 0.910976 0.522969 0.518500 0.475076 0.450770 0.404447
0.489581 0.977621 0.350460 1.486826 1.304766 0.949914 0.683465 0.352669 0.343623 0.342069 0.349323 0.499229 0.614649 0.732780 1.970195 0.490829 0.399380 0.626323 0.883419 0.552385 0.348721 0.375167 0.382476 0.355042 0.472712 0.533705 0.107704 3.407820 3.410959 0.000000 0.000000 0.000000 0.000000 0.999526 0.454201 0.109251 0.115538 0.458563 0.438014 0.372909 0.361386 0.565746 0.368687 0.372856 0.362689 0.361741 0.375080 0.475198 0.661752 1.707505 1.606825 1.387160 1.407971 0.901184 0.623109 0.419405 0.445787 0.445787 0.786885 0.462370 0.482535 0.506402 0.482625
1.223238 2.182861 0.552848 0.871269 0.610950 0.535196 0.459435 0.476210 0.879759 0.463518 0.393478 0.343394 0.354083 0.401435 0.615484 0.434293 0.578631 0.988612 0.937770 0.367248 0.340710 0.600156 0.371356 0.501086 0.105024 0.107974 3.407895 0.000000 1.592471 3.409471 3.421744 0.000000 3.326536 1.312655 0.481875 0.366352 0.097337 0.145388 0.530077 0.397813 0.372909 0.358723 0.350460 0.349481 0.358351 0.357735 0.390796 0.457393 0.971159 0.971159 1.294093 1.790725 1.428486 3.765653 1.427513 0.811145 0.621732 0.674776 0.786885 0.462682 0.809484 0.537013 0.937249
0.682704 2.252463 0.620696 0.419788 0.635497 0.868366 0.640294 3.118428 1.076388 1.050011 0.923939 0.434278 0.327751 0.370737 0.721974 0.445737 1.225691 1.140200 0.468965 0.322438 0.346500 0.704354 0.593360 0.669282 0.108107 0.118961 0.000000 0.995551 0.000000 0.000000 0.000000 4.081648 1.636797 0.626601 0.412227 0.708490 0.099084 0.125862 0.526854 0.511956 0.511956 0.376252 0.345061 0.339723 0.329579 0.338702 0.366264 0.741793 0.909625 1.066383 1.096177 1.291311 1.428486 1.146893 1.315882 1.016591 0.683103 0.586588 0.655622 0.462682 0.483610 0.505959 0.909355
1.488987 2.224404 0.913656 0.427113 0.582294 0.627565 1.185360 1.182203 1.126978 1.493199 1.355528 1.289518 0.465857 0.339943 0.927951 1.161587 1.261370 0.781160 0.474958 0.337991 0.602444 3.404490 1.964660 0.109272 0.119002 0.000000 3.410520 0.000000 3.407708 0.000000 3.660115 1.216095 1.216095 0.751279 0.500589 0.367863 0.712540 0.634556 0.108219 0.120361 0.556818 0.425839 0.348722 0.334934 0.350608 0.441485 0.458500 0.419861 0.964083 1.288463 1.432346 0.706842 1.165187 0.793425 1.082895 1.242760 1.045898 0.668331 0.364154 0.683676 0.460515 0.508059 0.970870
0.724199 4.788949 3.752479 0.573201 0.359811 0.478747 1.119976 1.240896 1.522422 1.362594 1.344449 1.294803 1.110037 0.530690 2.184833 1.451532 0.600335 0.508306 0.550865 0.352698 0.603279 3.403762 3.397044 0.119208 0.119208 0.000000 0.000000 3.409471 3.407952 0.000000 0.000000 0.914502 0.620801 0.602257 0.730342 0.360200 0.400838 0.533948 0.868730 0.105731 0.429471 0.471360 0.364178 0.355556 0.380278 0.812570 1.018883 0.876103 0.968105 1.455184 1.020467 0.818815 0.688636 0.624415 1.488495 1.623270 5.159328 4.727333 0.825965 0.390071 1.569244 0.510173 0.786885
0.690072 2.009563 1.669698 0.586206 0.567540 0.355400 0.380488 0.491886 1.347491 1.211632 1.272003 1.093282 1.136226 1.571588 0.882806 0.882806 0.421776 0.088016 0.093388 3.387804 3.405931 3.409887 0.000000 3.408054 0.000000 3.407705 3.407984 0.109846 3.411269 3.436531 0.476073 0.618935 0.590381 0.916023 0.423652 0.368825 0.375776 0.868730 0.537286 0.112459 0.093505 0.110900 0.425466 0.380035 0.358428 0.426187 0.712042 0.686261 0.760860 1.029244 0.854514 0.486411 0.933105 0.663477 0.895261 4.251210 5.262985 1.798145 1.034060 0.992468 1.591355 1.542175 0.462578
0.639630 1.730766 1.583056 1.530447 1.563948 0.389392 0.367996 0.367996 0.331681 1.182289 0.963946 0.810646 0.594312 0.680716 1.491796 1.296725 0.108255 0.099310 0.094583 0.100211 3.410626 3.410812 3.408192 0.000000 0.000000 0.119436 0.119409 3.418525 0.000000 0.145486 0.556343 0.674372 0.547360 0.846751 0.724182 0.399759 0.379806 0.417725 0.479319 0.853080 0.107783 0.097519 0.100867 0.102886 0.382749 0.110982 0.459874 0.572319 0.357050 0.621732 0.770706 0.754016 0.635648 0.893706 1.011997 1.441983 1.615861 1.447959 1.267781 1.668303 1.629478 1.582095 1.573749
0.525630 1.754017 3.880147 1.516337 1.541366 0.410919 0.401285 0.389708 1.358120 0.900955 1.252846 0.000000 0.000000 1.602919 1.100565 1.341470 0.104852 0.119213 0.119208 0.119544 0.120291 3.411409 2.091032 3.428735 3.426373 0.120339 0.111212 0.108991 0.114166 0.434609 0.604330 1.169176 0.911074 0.793197 0.430544 0.436177 0.417032 0.386918 0.457260 0.507007 0.486359 0.413898 0.375261 0.103422 0.097342 0.104448 0.103512 0.376625 0.360423 0.618913 0.788395 0.779796 0.808023 0.662140 0.769054 0.964945 1.113222 1.192595 1.453152 1.453152 2.297508 1.884815 1.625748
1.165870 1.651044 0.106497 1.443628 0.417407 0.431012 0.437767 0.430137 1.188069 1.415813 0.000000 0.000000 0.000000 0.000000 1.522025 0.766908 3.407770 0.119208 0.110167 0.121345 0.102179 0.121040 0.000000 0.361741 0.605348 0.361091 0.352696 0.370029 0.483254 0.568765 0.543799 0.963124 0.970627 0.474214 0.474700 0.934188 0.466058 0.421203 0.436608 0.455974 0.486843 0.446709 0.403859 0.419466 0.395506 0.428847 0.114582 0.103349 0.095475 0.102505 0.439895 0.439895 0.863986 0.407983 0.688224 0.738562 0.983704 1.022640 1.131961 0.705598 2.790510 2.226310 1.703048
1.180541 0.693939 1.450504 0.498780 0.444861 0.437767 0.432742 0.456915 1.238513 0.000000 0.000000 0.000000 1.431289 1.190018 0.106887 3.324329 3.410900 0.104373 0.102381 0.101050 0.357631 0.598056 0.595058 0.428591 0.452972 0.417156 0.373555 0.386497 0.538161 1.026299 0.500589 0.898880 0.515066 0.535605 0.528783 0.549587 0.480673 0.429124 0.435732 0.461948 0.491045 0.498603 0.466934 0.466934 0.800100 1.013465 0.515588 0.462330 0.389815 0.100614 0.093690 0.111854 0.436933 0.392739 0.732704 0.676729 0.747895 1.071773 1.545127 1.958130 2.484891 1.985306 1.611497
0.844525 0.928072 0.720408 1.585515 0.536420 0.484249 0.442005 1.366628 1.479427 0.000000 0.000000 1.371297 1.211683 0.101356 0.110237 0.119214 3.409531 0.563443 0.108037 0.103267 0.353652 0.365738 0.405488 0.498270 0.529930 0.501035 0.771802 0.377743 0.516723 0.578511 0.602257 0.964945 0.546660 0.563819 0.563819 0.512670 0.447378 0.418727 0.359771 0.405290 0.475436 0.555292 0.590480 0.572084 1.082916 0.580291 0.564797 0.524181 1.625145 1.614831 0.100693 0.101949 0.105485 0.115953 0.116302 0.109278 0.430601 0.649279 0.879947 1.913322 3.169145 2.620399 1.689636
1.056493 2.016488 1.576740 1.821030 2.124092 1.759901 1.473649 1.246964 1.812814 1.532702 1.190060 1.050670 0.098907 3.414753 0.139697 3.406991 3.420776 0.610241 0.107017 0.105479 0.359082 0.391248 0.452678 0.463901 0.782087 0.455523 0.455523 0.864824 0.673857 0.432184 0.627751 0.751030 1.035087 0.523101 0.509603 0.455849 0.648697 0.367406 0.355518 0.388373 0.757422 0.537414 0.594207 0.600121 0.581152 1.741739 0.134616 1.014423 1.573749 1.616710 0.117863 0.417434 0.106317 0.116538 0.117402 0.116773 0.118438 0.479635 0.765120 1.281567 1.831552 2.416060 1.855330
2.022160 0.991516 1.700339 0.838825 2.524348 1.799488 1.411596 1.782435 1.560253 1.296407 0.874606 0.000000 0.000000 0.119889 0.105366 3.413716 3.500062 0.942624 0.942624 0.445454 0.109055 0.103106 0.399759 0.432144 0.479213 0.438795 0.393844 0.507007 0.678263 0.627056 0.704644 0.777862 1.030913 0.501174 0.770965 0.395319 0.373604 0.363965 0.606323 0.387477 0.420688 0.463933 0.503892 0.507399 0.878910 1.684003 1.643911 1.586305 1.559229 1.629499 1.696376 0.123312 0.120368 0.442451 0.473573 0.550145 0.162941 0.125950 0.105761 0.156856 0.118697 0.571028 0.630886
1.643796 0.670364 0.655557 1.411200 2.435177 1.817883 1.836054 2.077444 1.176002 1.176002 0.852787 0.460757 0.104111 3.409218 0.100953 0.104715 3.439208 0.000000 1.362927 0.500596 0.401285 0.103178 0.393387 0.500434 0.862078 0.439985 0.398938 0.462682 0.977304 0.588764 0.640320 0.738409 1.139111 0.939431 0.882686 0.406139 0.366933 0.583014 0.619055 0.400882 0.428642 0.434987 0.736824 0.459461 1.687650 1.691558 1.654302 1.623501 1.559229 1.671432 1.778057 1.825005 1.085959 0.431975 0.503707 0.692440 0.767268 0.797221 0.670533 0.125238 0.120202 0.696449 0.822659
0.469144 0.355422 0.383651 0.459603 0.595073 0.683476 1.552901 1.600107 0.718730 0.608634 0.482937 0.094194 0.103831 0.104084 0.104360 0.110080 0.000000 1.290378 0.779480 0.443267 0.363704 0.102011 0.399382 0.533079 0.455017 0.439134 0.688636 0.616330 0.968111 0.430075 0.478625 1.211925 0.954227 0.512756 0.930486 0.834973 0.687506 0.660296 0.653527 0.403557 0.417385 0.720681 0.704208 1.646687 1.683705 0.493752 0.949158 0.833094 0.889913 0.523458 1.914273 1.907889 0.142394 0.407959 0.438190 0.744279 1.316872 0.685727 0.743268 0.154016 0.124000 0.857648 0.857648
0.337022 0.352812 0.357613 0.393488 0.480673 0.474653 0.663937 1.225691 0.518031 0.094548 0.116141 3.399219 0.109846 0.095313 0.104418 3.411483 2.550755 0.792498 0.676026 0.368151 0.322916 0.094982 0.125971 0.533564 0.421313 0.688083 0.660289 0.585129 0.441444 0.469014 0.685618 1.284982 0.964945 0.862805 0.916308 0.861205 0.768289 0.744028 0.800048 0.431860 0.438046 0.734075 0.427214 0.422088 0.458868 1.139051 0.910674 0.851611 0.895812 0.550428 1.021529 1.090799 0.932592 0.828982 0.457857 0.434907 1.598244 1.598244 0.599305 0.660887 1.483916 0.118302 0.905333
0.345054 0.345065 0.533705 0.888578 0.885085 0.405485 0.770063 0.552640 0.116023 3.399219 0.000000 0.000000 0.110177 0.105198 3.421744 0.000000 0.863114 0.743004 0.571036 0.348527 0.329020 0.098032 0.136698 0.511289 0.694248 0.394903 0.658582 0.363282 0.372460 0.436466 0.833529 1.325411 0.573501 1.182587 1.152625 1.024432 0.911074 0.906008 0.517401 0.488945 0.476672 0.445251 0.685397 0.936411 1.075376 0.874760 0.904800 0.900919 0.921864 0.987184 0.554593 0.543290 0.491071 0.904662 0.864824 0.865160 1.639854 1.699393 0.578322 1.637801 0.512628 0.120422 0.734568
0.345259 0.554546 0.326609 0.355156 0.765526 0.545280 0.440828 0.111837 3.398491 1.591312 0.000000 0.119208 0.096091 3.422622 0.138924 3.468032 0.429596 0.654047 0.557404 0.353506 0.093699 0.103487 0.482798 0.457710 0.423979 0.387482 0.395126 0.596294 0.355042 0.373995 0.805639 0.634574 1.099155 1.085953 0.571765 0.536878 0.545104 0.545104 0.532379 0.505096 0.489497 0.464914 0.430621 0.419273 0.428847 0.874760 0.865135 0.461383 0.518707 0.496167 0.523063 0.517223 0.511788 0.516569 0.875893 0.957819 1.409919 1.455569 1.932194 1.599873 1.516337 0.118781 0.158003
1.538559 0.581810 0.361762 0.353147 0.686917 0.554537 0.625738 0.117212 0.118943 3.410722 0.109846 0.097556 0.121527 3.441350 3.422331 0.590468 0.380196 0.503439 0.586479 0.359409 0.099745 0.101271 0.434522 0.438014 0.454594 0.403583 0.400555 0.583014 0.583014 0.361334 0.383925 0.952932 0.633871 1.171660 1.032125 0.520661 1.012603 0.544682 0.537282 0.504711 0.451775 0.453138 0.430101 0.445507 0.465491 0.618155 0.969359 0.456515 0.487921 0.473746 0.496039 0.552960 0.954307 1.088081 0.871185 0.988960 0.708646 0.536820 0.125710 0.104559 1.592754 1.526938 0.107951
1.478548 0.650313 0.644640 0.576428 0.589597 1.953318 0.665128 0.118323 0.118943 0.119208 0.104408 3.439632 3.465462 3.536434 0.805546 0.406714 0.534584 0.406746 0.662610 0.970627 0.970627 0.414768 0.099913 0.102172 0.439597 0.460104 0.450600 0.408796 0.358616 0.349012 0.389894 0.570325 0.637553 0.640103 0.608577 1.026299 1.017836 0.565777 0.530886 0.503069 0.500785 0.474182 0.496606 0.547220 0.639037 0.907439 0.712274 0.593164 0.579590 0.502104 0.564027 1.101384 1.086856 1.450710 0.578586 0.622624 0.657954 0.477598 0.110164 1.667927 1.635786 0.788892 0.096189
