FB/MTT/SampleData/Outputs/Barriers_MAXSPREADDIR.asc
NCOLS 84
NROWS 94
XLLCORNER -2098.000000
YLLCORNER 3210.000000
CELLSIZE 30.000000
NODATA_VALUE -1
[rows 28 to 55 of 94, columns 0 to 61 of 84]
0.590103 0.581702 0.581702 6.110799 6.015902 0.111138 5.992517 5.919131 6.032355 0.800525 1.442544 1.687098 1.928650 2.216968 4.553654 4.286216 4.230158 4.212032 4.134518 3.528207 2.623944 0.466544 1.658803 1.401639 1.090145 0.774704 6.004003 1.398816 1.341418 1.070949 0.918600 1.278183 1.186616 1.419687 1.364960 1.708396 1.870332 1.955638 2.003011 2.041321 2.070820 -9999.000000 -9999.000000 2.102016 2.132269 2.376837 2.502231 2.616981 2.647852 2.869728 3.440524 3.481837 3.138974 3.147329 3.134932 2.957279 2.286631 2.043673 1.824429 1.647763 1.442544 1.395016
-9999.000000 -9999.000000 0.721008 0.209751 0.072031 0.112835 6.082092 5.930047 5.900089 0.948697 1.543611 1.401358 1.347562 1.467232 4.898490 5.191385 2.512417 4.253176 4.115417 4.047106 4.047272 4.210668 1.913583 1.763937 1.264159 1.102977 0.879841 1.715863 1.296876 0.597203 0.654079 1.212762 1.388681 1.723746 1.788808 1.904403 2.004645 2.011860 2.049965 -9999.000000 -9999.000000 -9999.000000 2.107427 2.164342 2.287533 2.416172 2.376913 2.392542 2.594728 2.962685 3.456677 3.531753 3.354887 3.297619 3.305002 3.305002 3.256131 2.676506 2.240619 2.071869 2.077635 1.779020
0.393117 1.510344 1.027428 1.040919 0.629608 0.366708 1.737195 1.574001 5.502535 1.187374 1.246648 1.126128 0.890395 0.505145 6.120039 1.557770 1.800166 4.694684 3.953041 4.020804 4.058992 4.166162 3.691939 2.315555 1.528458 1.195358 1.416989 1.482242 0.981195 0.588580 0.581221 1.737828 1.960231 1.966195 1.958435 2.007188 2.002937 2.043657 -9999.000000 -9999.000000 -9999.000000 2.124964 2.144794 2.224274 2.363756 2.244617 2.244617 2.192655 2.145166 2.292255 2.813200 3.566082 3.489029 3.373268 3.386761 3.484431 3.540510 3.320657 2.841918 2.399100 2.605972 2.276266
5.743224 4.425826 0.468262 0.966741 0.872092 1.392716 1.530736 5.375566 5.014506 1.557465 1.101117 1.003722 0.890395 0.549922 1.606981 1.348774 6.233551 0.171244 0.942543 4.153413 4.276666 4.155722 4.071097 4.046135 1.960044 1.317186 1.070870 6.152987 0.730072 0.652611 2.004680 2.061769 2.071428 2.071480 2.075665 2.075518 2.075574 2.072491 -9999.000000 2.107950 2.117440 2.183801 2.177269 2.096398 2.122493 1.926821 1.999620 1.996270 1.964923 2.014250 2.415457 3.347828 3.302148 3.389264 3.455843 3.503676 3.554113 3.493627 3.384813 2.960665 3.037673 2.821459
4.113467 3.596012 4.115973 2.006780 1.423207 1.359475 1.664122 0.372048 0.003585 0.017264 1.323488 1.135071 1.041243 0.857254 1.651135 1.348774 0.035569 0.482240 0.613126 0.368216 0.735096 2.300836 3.987427 4.738702 2.163785 1.509659 1.382080 0.101413 1.759942 1.920332 2.077192 -9999.000000 -9999.000000 -9999.000000 2.076942 2.076942 -9999.000000 -9999.000000 2.195518 2.289952 2.350482 2.479374 2.249877 2.043243 1.869663 1.722921 1.752938 1.729704 1.645818 1.605953 1.875600 2.479968 2.542119 3.312987 3.472395 3.503676 3.606338 3.623659 3.557008 3.345409 3.221412 3.081188
3.946316 4.180481 4.399673 4.477949 1.612352 1.046858 0.696007 0.683222 0.848179 1.374849 1.964035 1.398590 1.284239 1.007867 5.719928 5.736552 5.653669 0.795909 0.842062 0.463331 0.775512 0.775512 1.426396 1.283230 5.027029 2.356860 1.886839 1.598394 1.967881 2.068374 -9999.000000 -9999.000000 2.075390 2.077356 2.081810 2.136398 2.135168 2.188764 2.735565 2.709811 2.803000 2.970638 2.645633 2.125970 1.804714 1.524808 1.272779 1.171145 1.213428 1.335054 1.481619 1.964580 2.220146 2.776421 3.219020 3.487057 3.589070 3.615965 3.562025 3.432649 3.439638 3.275868
4.286170 4.471758 4.463262 4.190588 2.086861 1.229279 0.663991 0.803948 1.264367 1.424544 1.548997 1.607494 1.306903 1.306903 1.568326 5.639213 4.974057 4.572980 1.728041 0.806662 0.920516 1.328441 1.166127 1.745346 4.974349 2.213946 1.994308 1.893165 2.032171 -9999.000000 2.073592 2.075542 2.076644 2.084337 2.101107 2.403916 2.589726 2.702912 2.769159 2.630157 2.615120 2.916407 3.197579 2.470470 1.853053 1.484683 1.144498 1.186078 1.319938 1.510725 1.611811 1.800717 2.039229 2.409923 2.941391 3.378754 3.487057 3.393120 3.513910 3.501102 3.560479 3.473814
3.773044 4.134518 4.144510 3.791283 3.555593 3.555593 3.059288 1.873621 1.791227 1.450896 1.477858 1.266337 1.355304 1.852859 1.450802 0.262548 0.427961 4.786439 4.889690 0.092042 0.996448 1.323488 1.664992 1.426180 0.878717 1.962159 2.005544 2.041910 2.072796 -9999.000000 -9999.000000 -9999.000000 -9999.000000 -9999.000000 2.361097 2.347080 2.314143 2.546999 2.404776 2.537776 2.410316 2.531565 3.322446 2.849760 2.085573 2.045027 1.732784 1.579826 1.604692 1.713322 1.790376 1.844841 1.724654 2.135615 2.657648 3.036200 3.347828 3.332010 3.421509 3.532970 3.699839 3.624969
1.049441 1.606731 3.242712 4.156966 3.932595 3.911289 3.402839 4.053215 3.226725 2.206584 1.545683 1.216070 1.564945 1.430265 1.741139 1.332142 0.587874 5.577612 5.405783 5.940349 0.801862 1.396216 1.453497 0.643525 1.454188 1.910309 2.049425 2.074793 2.076114 -9999.000000 -9999.000000 -9999.000000 -9999.000000 2.408118 2.748281 2.388207 1.977718 2.002021 1.838094 2.232580 2.450550 2.436766 3.330660 3.280302 2.402070 2.323110 2.134604 1.780421 1.559156 1.545408 1.555380 1.586703 1.483235 1.763163 2.243031 2.996831 3.308246 3.308246 3.232710 3.518614 3.577474 3.796801
1.255099 1.825596 2.072626 4.492071 4.600704 4.674756 4.662906 3.108533 2.766988 3.395371 3.325614 2.355896 1.918959 1.463839 1.676705 1.241905 6.052270 5.645217 5.608510 6.059508 1.469978 1.671393 1.337525 1.737445 1.925045 2.019694 2.074056 -9999.000000 2.076327 2.076942 2.082388 -9999.000000 2.202770 2.445905 3.093568 3.143627 2.057084 1.699182 1.539335 1.852655 2.232580 2.571259 3.242712 3.252602 2.436686 2.209033 2.336279 2.248232 1.928531 1.928531 1.529021 1.374200 1.795140 1.687955 1.619061 1.926176 2.414772 2.922159 3.232710 3.441832 3.429806 3.714089
1.448455 1.801309 1.937448 4.636012 4.624702 4.311452 3.676416 2.325667 3.065417 3.096125 3.354653 3.923311 2.396221 1.520319 1.599307 0.883755 6.013910 5.779975 5.738768 0.842280 1.891186 1.906206 1.847443 1.978464 2.011149 2.064412 -9999.000000 2.075863 -9999.000000 -9999.000000 -9999.000000 2.154724 2.245763 2.386190 3.083362 3.530381 2.380607 1.717714 1.557717 1.661213 1.661213 2.044677 2.371529 3.354721 3.248507 2.565808 2.170771 2.156319 2.293279 2.369718 2.288616 2.013499 1.795140 2.029822 1.749092 1.705660 2.017557 2.395198 2.980111 3.441832 3.560479 3.693187
1.621065 1.758272 1.824399 2.932050 4.252703 3.950714 3.500129 3.195208 3.125390 2.578946 2.644681 2.634480 4.475231 0.670250 0.627666 0.012708 1.128108 6.263595 0.912990 1.675370 1.975715 2.037869 2.001119 2.029240 2.061769 -9999.000000 2.075746 -9999.000000 2.077151 -9999.000000 2.092193 2.162733 2.162733 2.151809 2.220956 2.660823 3.514165 3.176592 2.760793 1.963093 1.617152 1.700609 2.096461 3.198257 3.393678 3.012313 2.756228 2.330689 2.056816 2.229225 2.494252 2.519837 2.321956 1.774097 1.461550 1.205746 1.303551 1.775314 2.386782 3.103861 3.474025 3.657764
1.532346 1.799560 1.914102 2.000273 3.864361 3.499414 3.473021 3.285931 2.577213 2.724649 2.643539 2.814061 3.535823 5.149751 0.412576 0.845141 0.490737 0.758532 1.676354 1.819077 1.917876 2.052401 2.054275 2.072049 2.072049 -9999.000000 -9999.000000 2.076942 2.077839 -9999.000000 -9999.000000 2.206731 2.152317 2.020334 2.045848 2.354370 3.231662 3.768257 3.505334 2.366030 1.597364 1.279979 1.475695 2.159009 2.942122 2.520878 2.871435 2.887169 2.282470 2.009733 2.034194 2.021977 1.933737 0.725630 0.926511 1.005685 1.511277 1.757492 2.061320 2.833592 2.368367 3.622786
1.586345 1.910331 1.919484 1.406704 1.835898 2.129689 2.923044 3.406729 2.347075 2.508790 2.455043 2.661544 3.980998 4.646113 5.057935 5.057935 5.244274 1.097756 1.611409 2.040994 2.052064 2.062777 -9999.000000 2.075905 -9999.000000 2.077121 2.077887 2.079679 2.080017 2.091055 2.339156 2.393881 2.355231 2.163466 2.067864 2.213886 2.749371 3.505334 3.765626 3.318676 2.093771 1.508157 1.279994 1.627031 2.097858 1.711107 2.108112 2.587266 2.319084 1.869826 1.457720 1.055335 0.911175 1.565307 1.719623 1.900929 1.879583 1.803373 1.957366 2.225143 2.170132 2.413775
1.807627 1.975330 1.930966 1.871712 1.933613 1.725466 2.047983 2.047983 1.229070 2.007405 1.957574 1.711526 0.470511 5.551511 4.581315 4.926011 5.629821 1.890097 1.990600 2.045033 2.071793 2.072226 2.075759 -9999.000000 -9999.000000 2.091198 2.092546 2.087505 -9999.000000 2.152504 2.367624 2.322969 2.416120 2.335180 2.239689 2.197884 2.428857 3.379360 3.629169 3.572034 3.257014 2.261850 1.949861 1.707444 1.578966 1.646301 1.421327 1.830117 1.994102 1.739111 1.484482 1.435684 1.476030 2.357670 2.290633 2.174960 2.037869 1.834897 1.748220 2.050935 2.090204 2.288882
2.089479 2.027934 2.050704 1.915725 1.869208 1.048801 1.227198 1.345810 1.727354 0.902385 0.051636 -9999.000000 -9999.000000 0.012403 0.115795 5.525385 1.882115 2.074991 2.077556 2.078329 2.084537 2.079157 2.078916 2.097610 2.098834 2.144271 2.154296 2.228531 2.354192 2.484150 2.478835 2.244516 2.271639 2.415447 2.504276 2.355086 2.411886 2.869645 3.523192 3.675419 3.551393 3.057959 2.608445 2.299092 2.069248 2.319577 1.918356 1.660221 1.851713 2.000636 1.973534 2.069931 2.280124 2.071066 1.982009 1.825689 1.628552 1.394247 1.453991 1.453991 1.898176 2.076942
2.022178 1.910981 1.093457 1.810545 0.818769 1.004833 1.112668 0.991056 1.231845 0.010730 -9999.000000 -9999.000000 -9999.000000 -9999.000000 6.089294 6.089821 2.078324 2.080480 2.084540 2.106479 2.139322 2.123733 -9999.000000 2.323110 2.335706 2.523528 2.319944 2.304473 2.448867 2.631354 2.534426 2.351070 2.236773 2.407813 2.723048 2.592396 2.615396 2.973341 3.426386 3.588557 3.510175 3.293212 2.849365 2.611531 2.650795 2.869645 2.563705 2.252725 2.121863 2.076942 1.987536 1.987536 2.036324 1.562353 1.665706 1.691633 1.639514 1.558945 1.507032 1.589505 2.187585 2.230313
1.553285 0.583033 1.434814 0.333027 0.830514 1.112668 1.032176 0.582384 0.531082 -9999.000000 -9999.000000 -9999.000000 0.038413 6.195204 0.651078 2.056500 2.077833 2.091362 2.116055 2.155971 2.212685 2.231068 2.247283 2.679349 2.773032 3.007835 2.795088 2.205834 2.104350 2.340178 2.220956 2.412395 2.362177 2.378951 2.656520 2.799816 2.781470 3.172534 3.505355 3.507011 3.467929 3.333617 2.999616 2.999616 2.676479 2.897713 3.080100 3.066191 2.763772 2.424459 2.174917 1.854013 1.611060 1.872726 1.901606 1.827144 1.750824 1.840495 2.035637 2.180638 1.945701 2.028673
0.859782 0.550622 0.362283 1.457829 0.936362 1.049413 0.804161 1.508267 0.118082 -9999.000000 -9999.000000 6.207266 5.882680 1.230273 1.980987 2.075461 2.075386 2.083782 2.123197 2.173992 2.253764 2.341235 2.527489 2.664140 2.842389 3.288105 3.288418 2.472204 1.895610 1.888618 2.020334 2.328194 2.442346 2.387240 2.387240 2.466500 2.560229 2.714741 2.728790 3.187637 3.257264 3.428952 3.397053 3.155756 2.927280 3.020774 3.232707 3.420315 2.322719 2.192682 2.561768 2.219952 1.958963 2.199143 2.127368 2.056275 1.889043 1.801364 1.781151 1.818616 1.255753 1.338710
0.740104 0.720396 0.531169 1.319861 1.478174 1.631535 1.574452 1.003268 0.048068 6.157429 6.212546 5.878355 1.304735 2.037596 2.000226 2.063179 2.069381 2.080788 2.224228 2.247074 2.273268 2.331048 2.430673 2.272708 2.490242 3.161907 3.161907 3.521807 2.755288 2.087377 1.856188 1.957145 2.160638 2.327989 2.356154 2.323261 2.278816 2.345083 2.426205 2.827725 2.852771 3.202331 3.338516 3.219498 3.006002 2.322110 3.065653 3.008829 2.413338 2.252159 2.661699 2.685585 2.416834 2.476452 2.394292 2.455890 2.250873 1.735911 1.229505 1.057991 1.080366 1.004895
0.741890 0.666693 0.540809 0.739279 1.377837 1.458269 1.065045 0.278183 0.454886 6.074103 5.874332 -9999.000000 -9999.000000 2.042811 1.983175 2.063371 2.059742 2.114985 2.114985 2.435735 2.504589 2.275439 2.197884 2.108247 2.088329 2.245814 2.788646 3.675419 3.362373 2.211034 1.896980 1.749335 1.885574 1.992954 2.085577 2.161961 2.209808 2.249877 2.331824 2.565299 2.684456 3.008133 3.245743 3.184902 2.875075 2.265424 2.280820 2.412515 2.516145 2.321941 2.258673 2.690208 2.687924 2.819118 2.546107 2.690548 2.813245 2.664727 2.054780 1.375183 1.964410 1.564967
0.866234 0.824646 0.661820 0.999280 1.417128 1.236470 0.342681 0.157257 0.094328 0.094328 6.156065 0.232773 2.000836 2.075369 2.028970 2.024728 2.066914 -9999.000000 2.183280 2.581091 2.926685 2.382408 2.213181 2.232967 2.188632 2.156414 2.462823 3.441832 3.666387 2.510229 1.850217 1.589010 1.559417 1.596156 1.721870 1.874331 2.103137 2.182832 2.269637 2.423376 2.544156 2.779652 2.927114 3.106823 2.304467 2.302774 2.277683 2.407949 2.516145 2.397302 2.350957 2.376158 2.617051 3.082667 2.443828 2.477113 2.860677 3.201539 3.218398 2.712876 2.629733 2.277065
0.794291 2.010967 1.248071 1.034591 1.190162 1.020813 1.121698 0.286255 0.416129 0.526022 0.681475 1.730668 2.061446 2.072734 2.060810 2.059558 -9999.000000 2.178455 2.248448 2.503524 2.885206 2.349913 2.223759 2.216579 2.355450 2.225948 2.220146 2.730367 3.702265 3.522426 1.963043 1.893072 1.711179 1.508707 1.538322 1.671008 1.920247 2.120089 2.239539 2.359770 2.402876 2.554468 2.827001 2.318181 2.306104 2.987820 2.797129 3.069029 3.371983 3.040956 2.439890 2.444422 3.048231 3.142260 2.303816 2.092156 2.391098 3.032711 3.442841 3.355446 2.836268 2.266389
2.433928 2.003868 1.779296 1.524113 1.372414 0.886761 6.107582 6.013910 1.571402 1.701452 1.996727 2.069207 2.071423 2.071410 2.080952 2.078476 2.118713 2.107321 2.163721 2.333707 2.833422 2.117664 2.108894 2.090901 2.276435 2.226897 2.153138 2.288463 3.879288 3.985537 2.253796 2.292717 2.328194 2.168328 2.001233 1.944950 1.964772 2.089183 2.359240 2.474401 2.507511 2.487500 2.892435 2.961664 2.831717 2.661719 3.031711 3.265126 3.393472 2.995579 2.858346 2.716433 2.739290 3.080968 3.554560 2.394835 2.033351 2.120533 2.632782 3.454804 2.872836 3.089957
2.063364 2.117602 1.910309 1.866259 1.526736 0.651440 6.191998 0.540080 2.002147 2.069207 -9999.000000 -9999.000000 2.071830 2.081314 2.082388 -9999.000000 1.995709 1.848632 1.883661 2.110044 2.563651 2.131181 2.089195 1.930860 2.063240 2.190191 2.182199 2.285658 3.842475 3.998123 2.420113 2.227062 2.494991 2.543664 2.477279 2.364158 2.271639 2.236311 2.530212 2.620346 2.670233 2.603673 2.694952 2.531204 2.515431 2.586383 2.755800 3.071474 3.269678 3.346211 2.923951 3.024415 3.028950 3.071913 3.521807 2.524567 2.133208 2.076942 2.278735 2.361173 3.617470 3.329156
2.222306 2.030466 1.726506 1.701606 1.549621 0.864123 0.879841 1.932261 2.070600 2.073824 -9999.000000 2.074582 2.070990 2.078538 2.084665 2.083433 1.836787 1.590786 1.495996 1.929535 2.172227 2.139091 2.024612 1.775222 1.848762 2.054155 2.176086 2.240881 3.510359 3.803111 2.302931 2.091407 2.226318 2.425957 2.549385 2.547926 2.494902 2.494902 2.531019 2.557254 2.608086 2.638690 2.709370 2.942971 2.869645 2.586383 2.641127 3.079674 3.487057 3.383633 2.893519 3.007874 3.138034 3.520390 3.417578 2.643850 2.244617 2.036618 2.038057 2.111580 2.238159 3.343227
2.056790 1.772221 1.941453 1.940881 1.831491 1.671724 1.935023 2.040783 2.066049 2.075890 2.074204 2.075674 2.079572 2.080683 2.080371 2.068380 2.213322 1.696381 1.577612 2.045027 2.378674 2.120251 1.856719 1.838094 1.807294 1.941693 2.076942 2.182832 2.182832 3.423811 3.522159 2.454178 2.236108 2.167153 2.244373 2.428845 2.484337 2.508066 2.534343 2.570752 2.620554 2.681819 2.721408 2.911324 2.980939 2.938042 2.764535 3.133139 3.493627 3.282331 2.816905 2.952486 3.156406 3.590338 3.433036 2.653962 2.445759 2.296403 2.014247 2.086047 2.170165 2.322160
1.941451 1.954470 1.985898 1.974487 1.928025 2.007985 1.994248 2.052541 2.066049 2.075386 2.084886 2.086105 2.090421 2.108958 2.269090 2.498706 3.208198 2.255363 1.897264 2.236773 2.236773 3.056412 2.453218 2.182953 1.993447 1.976567 2.009830 2.052554 2.171520 3.059252 3.082011 2.590307 2.445816 2.317859 2.270571 2.340178 2.436199 2.533962 2.586649 2.624897 2.692973 2.736309 2.803031 2.934794 3.111672 3.131458 3.165210 3.347937 3.599465 3.276564 2.741571 2.832503 3.275468 3.851374 3.588119 2.732187 2.557237 2.643951 2.318083 2.104526 2.185250 2.801757
