FB/MTT/SampleData/Outputs/Barriers_MAXSPREADDIR.asc
NCOLS 84
NROWS 94
XLLCORNER -2098.000000
YLLCORNER 3210.000000
CELLSIZE 30.000000
NODATA_VALUE -1
[rows 56 to 83 of 94, columns 0 to 61 of 84]
1.928580 2.005687 1.933789 1.942247 2.044626 2.043172 2.040832 2.045208 2.068238 2.089001 2.155971 2.176431 2.176431 2.174852 2.576653 2.780435 3.229891 3.756972 2.743937 2.031373 2.209812 2.951038 2.980062 2.157585 2.025801 2.104042 2.177619 2.172837 2.224534 2.751195 2.892435 2.583555 2.542072 2.487074 2.439069 2.407142 2.457332 2.547931 2.702195 2.785104 2.842168 2.915066 2.972538 2.995739 3.143702 3.302663 3.330991 3.412649 3.616704 3.415158 2.856404 2.928811 3.533390 3.981373 3.449808 2.842168 2.686044 2.742759 2.197124 2.275264 2.250981 2.326787
2.876872 2.037333 1.935023 1.935023 1.881206 2.054865 2.046147 2.036768 2.068657 2.093577 2.185631 2.354944 2.544906 2.633222 2.698810 2.858244 3.478544 4.189812 3.319715 2.124102 2.253773 2.933378 3.674938 2.222692 2.009579 2.105575 2.270647 2.339723 2.366806 2.600491 2.685128 2.543257 2.570199 2.588137 2.510860 2.500811 2.545737 2.614405 2.788485 2.859250 2.887239 2.934241 2.991909 3.075736 3.206157 3.316964 3.368206 3.470553 3.509584 3.461637 3.071748 3.053147 3.748958 3.905890 3.383374 2.977918 2.288959 2.820732 2.186822 2.154341 2.359111 2.321097
2.025184 1.989314 2.023348 1.930790 2.032114 2.067737 2.052423 2.069975 2.074372 2.187665 2.368194 2.542141 2.646638 2.674553 2.695855 2.871585 3.945315 4.458792 3.154764 2.222259 2.366468 3.391049 4.120675 2.429349 2.023966 1.974513 2.159877 2.355086 2.394574 2.480901 2.611046 2.531435 2.540997 2.514556 2.487074 2.510860 2.602430 2.702382 2.585101 2.610885 2.703496 2.797991 2.865961 3.016781 3.227409 3.299921 3.354972 3.444403 3.495478 3.482243 3.295768 3.352072 3.946015 3.737049 3.501975 3.248173 3.248173 2.889804 2.737026 2.190175 2.493231 2.456544
1.645419 1.979763 2.033750 2.055292 2.070726 -9999.000000 2.062491 2.066314 2.090035 2.268069 2.457782 2.570699 2.621338 2.646077 2.636169 2.894631 4.331698 4.485668 2.912816 2.190787 2.399105 3.806329 4.133139 2.886816 2.034338 1.783970 1.885021 2.102846 2.312322 2.477491 2.535770 2.511834 2.514556 2.528310 2.510860 2.534240 2.526994 2.579826 1.688699 1.841756 2.092156 2.406946 2.668212 2.924373 3.146553 3.244338 3.354972 3.354972 3.409990 3.464976 3.486307 3.521787 3.723084 3.810946 3.722993 3.757196 2.992672 2.577171 2.724395 2.685802 2.545552 2.485691
1.975263 1.871375 2.036612 -9999.000000 -9999.000000 -9999.000000 2.050218 2.065428 2.096005 2.332448 2.436738 2.491665 2.562410 2.609093 2.617682 3.092826 4.445282 4.410502 2.767525 2.108124 2.269660 3.863991 4.072750 3.521850 2.143157 1.685103 1.664457 1.840500 2.101802 2.353167 2.488420 2.257416 2.382825 2.487074 2.464303 2.288444 1.947547 1.784538 1.229458 1.229458 1.366269 1.538196 1.772979 2.106115 2.529590 2.362409 2.976219 3.265508 3.327053 3.423117 3.507705 3.671544 3.788332 3.885232 4.029713 4.079569 3.584874 2.287627 3.055049 2.780608 2.716843 2.641400
1.109920 2.128050 2.088878 2.075516 2.046108 2.036712 2.025987 2.082818 2.208226 2.286856 2.327079 2.408878 2.528348 2.595539 2.597793 3.296958 4.466795 4.290529 2.735281 2.107340 2.269660 3.473814 3.855274 3.784508 2.981063 1.872301 1.570395 1.619922 1.777929 1.957366 2.130533 1.679730 1.777929 1.849652 1.962788 2.009090 1.588667 1.212164 1.213392 1.362897 1.453010 1.426010 1.477083 1.570137 1.837007 2.362409 2.210362 2.824968 3.081192 3.216185 3.497345 3.798913 3.833620 4.097246 4.305631 4.117642 2.463032 3.282001 3.037385 2.905440 2.830205 2.823201
2.076942 2.041542 2.058999 2.048660 1.985967 1.996629 1.946193 2.065757 2.238781 2.275346 2.259504 2.307118 2.451744 2.428528 2.427238 3.508487 4.332003 4.021295 2.980185 2.246828 2.263522 3.008646 3.008646 3.490409 3.785280 3.776964 2.501483 1.813730 1.628710 1.604854 1.633199 1.591255 1.437195 1.317692 1.230478 1.038547 0.622957 0.963281 1.619704 1.493710 1.442812 1.410810 1.355742 1.340220 1.454787 1.709465 1.751040 2.078986 2.510662 3.047138 3.315535 3.780335 3.973567 3.690993 4.191849 3.908710 3.589730 3.460749 3.216624 2.903946 3.024699 2.286450
2.030402 1.935809 2.000047 2.035278 2.049758 2.001138 2.008799 2.147750 2.270718 2.359085 2.273886 2.189186 2.256998 2.228062 2.228062 2.164469 3.130347 3.910816 3.568380 3.100180 2.557684 2.345846 2.640956 3.028221 3.636152 3.821158 3.501878 2.180219 1.732669 1.686859 1.689580 1.606260 1.559949 1.449871 1.117007 0.879541 1.461498 1.671338 1.520068 1.229933 1.197889 1.517451 1.343383 -9999.000000 -9999.000000 -9999.000000 1.342416 1.616606 1.985417 2.093178 2.223188 3.688338 3.414160 3.521275 3.904493 3.757308 3.606108 3.522531 3.268003 3.029567 3.217685 3.358137
1.843776 2.039415 1.995263 2.030711 2.070135 2.040935 2.040935 2.105732 2.249881 2.176074 2.265258 2.299074 2.179910 2.117584 2.151149 2.198906 2.745862 3.410854 3.098115 2.921039 2.769287 2.568920 2.560243 2.931014 3.278266 3.693016 3.774301 2.731629 1.885163 1.614148 1.608302 1.365913 1.330692 1.238991 1.165197 1.335992 1.597021 1.737698 0.878182 1.113573 1.149731 1.497065 -9999.000000 -9999.000000 -9999.000000 1.324347 -9999.000000 -9999.000000 1.350741 1.788949 2.045123 2.232445 3.182811 3.106742 3.246058 3.595476 3.566811 3.492489 3.316964 3.218608 3.444841 2.809595
5.553921 2.284310 2.109844 2.055324 2.076942 2.113529 2.086197 2.062604 2.109448 1.773719 1.830758 2.005621 2.137868 2.120661 2.128963 2.163044 2.619114 3.063705 2.662122 2.731500 2.743955 2.816006 2.772315 3.092826 3.161584 3.520390 3.839295 3.618746 2.353130 1.658735 1.423648 1.219934 1.068943 1.068943 1.249811 1.295586 1.268017 1.038740 1.414753 1.369022 1.258499 1.527514 -9999.000000 -9999.000000 -9999.000000 -9999.000000 -9999.000000 -9999.000000 -9999.000000 1.498268 1.828216 2.076942 2.511190 2.550781 2.939370 3.494129 3.491690 3.440259 3.440259 3.331912 3.554104 3.649142
3.032459 2.757867 2.258930 2.077025 2.150363 2.354426 2.460065 2.122511 1.867027 1.620741 1.464674 1.535760 1.782611 2.038441 2.124096 2.197596 2.429754 2.744560 2.609449 2.590084 2.640213 2.821284 2.967412 3.092826 3.194350 3.451519 3.800294 3.802525 3.397978 2.132528 1.509302 1.627613 1.331306 1.212374 1.120923 0.961695 0.923448 0.860671 2.041052 1.953100 1.584483 1.286167 1.444999 -9999.000000 -9999.000000 -9999.000000 -9999.000000 -9999.000000 1.468289 1.458962 1.458962 1.763986 1.767414 2.081882 2.231575 2.512334 2.786525 2.924461 3.381011 3.459471 3.613884 3.725066
2.153279 1.486889 2.107269 2.076180 2.090557 2.290975 2.634457 2.623821 2.092141 2.277692 1.475793 1.309905 1.337348 1.723985 2.048050 2.201671 2.371043 2.187560 2.199886 2.489116 2.164552 2.199016 2.627692 2.873890 3.133464 3.436873 3.730849 3.839556 3.719885 3.075123 2.146039 2.552068 2.026390 1.664988 1.574606 1.557948 1.636957 1.839778 2.656401 2.722198 2.451404 2.451404 1.945062 1.434593 1.497288 1.358601 1.539093 1.534379 -9999.000000 -9999.000000 1.583122 1.786832 1.713479 2.020011 2.105286 2.214992 2.438280 2.612460 3.230372 3.449055 3.672769 3.856683
1.658240 1.696260 2.042393 2.070389 1.975851 2.012833 2.351633 2.794353 2.844570 3.151647 2.379877 1.451501 1.321138 1.464709 1.877448 2.139380 2.095963 2.164179 2.202508 2.169482 2.343784 2.243300 2.405657 2.417205 2.674425 3.273818 3.829500 3.889513 3.685988 3.453897 3.102634 3.263760 3.092658 3.092658 2.782222 2.617130 2.504239 2.448734 2.724028 2.793669 2.908174 2.983085 2.908909 2.363531 1.608967 1.647364 1.659741 1.651366 1.678128 1.549010 1.593184 1.751208 1.901722 1.913259 2.003271 2.070811 2.145875 2.282856 2.966709 3.302382 2.789304 3.219999
1.463317 2.076574 2.078873 2.112557 2.036299 1.961215 2.044039 2.419496 2.883790 3.208639 3.449808 2.227342 1.421171 1.384816 1.522530 1.906595 1.995388 2.059160 2.090044 2.258028 2.248449 2.198278 2.269220 2.068606 2.131810 2.131810 2.405049 3.726578 3.777863 3.472395 3.315493 3.166351 3.224033 3.178196 3.156965 3.067854 2.923412 2.780404 2.813074 2.793609 2.930444 3.014545 3.171062 3.304684 2.809504 1.889073 1.804663 1.648472 1.573683 1.568491 -9999.000000 1.645533 1.776430 1.857138 1.912006 1.964238 2.033153 2.113151 2.218624 2.947956 2.567145 3.123549
2.102601 2.423464 2.232320 2.261108 2.123045 1.963167 1.864221 1.921316 2.321956 2.478941 3.550969 3.345102 2.089167 1.581654 1.413843 1.508968 1.688699 1.593618 1.864672 1.899186 2.041002 2.129267 2.103137 2.045513 1.948522 2.044287 2.201930 3.098446 3.382171 3.271087 3.175519 3.042292 3.008813 3.081832 3.098330 3.167299 2.991652 2.908427 2.920303 2.920812 3.012115 3.087832 3.284759 3.536754 3.562704 2.633738 2.076942 1.511020 1.627032 1.796360 -9999.000000 1.683758 1.807584 1.996845 2.016207 2.019341 2.019341 2.056546 2.104526 2.169863 2.399706 2.935695
3.055583 3.257370 2.836268 2.460687 2.250019 2.060915 1.931543 1.852420 1.852420 2.092533 2.292400 3.252640 3.405344 2.848965 2.344813 1.912411 2.457503 2.228687 2.157507 2.136321 2.192642 2.172080 2.101090 2.008472 2.082990 2.063996 2.175334 2.552828 2.909928 3.069746 3.048506 2.988320 3.028485 3.008587 3.106105 3.240379 3.168134 3.021847 2.999957 3.046695 3.103457 3.205498 3.414664 3.573493 3.686509 3.549429 3.236349 1.911430 1.793452 1.901068 1.966713 1.941035 1.944182 1.920594 2.047751 2.084687 2.035074 2.017262 2.073647 2.112544 2.254050 2.625755
3.288523 3.640505 3.563051 3.115465 2.585383 2.445938 2.351633 2.239527 2.141526 2.326490 2.500598 3.161132 2.970783 2.774596 2.767347 2.591085 2.526037 2.545148 2.630525 2.656602 2.201133 2.386273 2.264493 2.186861 2.520817 2.387093 2.261469 2.334645 2.571647 2.783247 2.946735 2.851969 2.897599 2.898713 3.092535 3.172556 3.159160 3.047354 3.016909 3.100829 3.195145 3.292265 3.467389 3.625351 3.771764 3.864184 3.880790 2.252818 1.585007 1.526090 1.652431 1.682053 1.751208 1.581424 1.839267 2.000657 1.950243 2.044994 2.067075 2.107396 2.071810 2.125332
3.008047 3.596429 3.606338 3.032860 2.626433 2.605777 2.603658 2.471852 2.383970 2.478163 2.694271 3.425706 2.681449 2.449723 2.591607 2.372664 1.980608 2.045084 2.133588 2.171221 2.211210 2.209499 2.542980 2.668223 2.640598 2.507882 2.298355 2.167113 2.219155 2.486497 2.699380 2.305098 2.427220 2.512589 2.756288 2.945546 3.025609 3.000120 2.935853 3.084450 3.193643 3.309921 3.432968 3.626920 3.842720 3.949836 3.241398 3.484158 1.717753 1.236590 1.233016 -9999.000000 -9999.000000 -9999.000000 1.311412 1.499320 1.775700 1.923081 1.982035 2.034946 2.025560 2.076942
2.906780 3.570850 3.573978 2.860677 2.574889 2.679576 2.781534 2.594404 2.462003 2.204610 2.201215 3.123827 2.702943 2.223063 2.203134 2.117103 1.915980 1.648860 1.709047 1.961431 2.115295 2.184415 2.657086 2.717042 2.431195 2.439938 2.459100 2.178243 1.992954 1.999270 2.140870 1.717924 1.828045 1.921223 2.091686 2.385409 2.432867 2.741864 2.246501 2.738411 2.925925 3.103560 3.293634 3.597748 3.597748 3.851381 3.946872 3.977067 3.833003 2.987288 1.712281 1.071760 1.216622 1.126106 1.219579 1.257659 1.455302 1.715065 1.876054 1.716771 1.835639 2.059160
2.893789 3.517215 3.495087 2.661165 2.443562 2.603234 2.860437 2.603274 2.366215 2.085470 2.114576 2.753518 2.818723 2.292634 2.172979 2.098511 2.111403 2.019438 2.023080 1.788990 1.960089 2.173774 2.453806 2.535663 2.333707 2.418950 2.592072 2.318272 1.990085 1.715446 1.640324 1.545177 1.529294 1.568782 1.608513 1.608513 1.706657 1.916292 1.598135 1.786832 2.064605 2.416085 2.667267 2.907623 2.768000 3.744293 3.882870 3.992679 3.905566 3.479059 3.150403 2.505573 1.412879 1.880737 1.316039 1.354531 1.380090 1.551661 1.746422 1.904741 2.008084 2.068770
2.520773 3.506682 3.383633 2.493906 2.368220 2.492816 2.771054 2.513560 2.157334 1.996116 2.093478 2.568289 2.250500 2.634465 2.457646 2.359873 2.464792 2.285794 2.092327 1.951338 1.890834 2.004026 2.123761 2.258750 2.314024 2.411493 2.502757 2.502757 2.417205 2.160697 1.785333 1.784773 1.614364 1.539335 1.515544 1.476838 1.461191 1.629300 1.554034 1.400181 1.811798 2.057240 2.164179 2.617837 3.121577 3.578125 3.690634 3.921899 3.905566 3.513040 3.310401 3.340879 3.092658 3.170948 2.001182 1.593236 1.421267 1.602710 1.742517 1.901722 2.008084 2.061458
2.311711 3.621374 3.272425 2.269288 2.220018 2.247834 2.328039 2.279552 2.108247 2.069534 2.076942 2.121508 2.364177 2.441471 2.770792 2.855542 2.892899 2.757661 2.757661 2.446802 2.218298 2.095949 2.064109 2.076942 2.138744 2.254872 2.409215 2.481501 2.547871 2.463176 2.166527 2.120399 1.766126 1.656590 1.567641 1.489674 1.429140 1.365736 1.616364 1.554034 1.644279 1.690499 2.091738 2.189624 2.708392 3.433498 3.514442 3.906194 3.531975 3.609087 3.318163 3.379249 3.480059 3.442112 2.507648 1.995749 1.749693 1.629677 1.768495 1.823257 1.945064 1.861935
2.421687 3.499140 3.482986 2.289817 1.907055 1.961515 2.000225 2.091129 2.137685 2.045084 2.045084 2.052583 2.090624 2.166214 2.294781 2.630920 2.132810 2.233065 2.244500 2.254963 2.226957 2.193461 2.124049 2.076942 1.910373 2.008088 2.166013 2.377251 2.539115 2.710586 2.625346 2.295744 1.963293 1.795255 1.682696 1.553276 1.451401 1.380327 1.397596 1.394654 1.602710 1.708104 1.940003 2.115990 2.255231 2.470422 2.676111 3.996881 3.648504 3.737020 3.147813 3.371083 3.829500 3.024385 2.702793 2.246028 1.935342 1.704414 1.507166 1.655140 1.678674 1.616364
2.501738 3.499140 3.231994 3.556836 2.773433 2.184934 2.101258 2.055662 2.006065 1.986201 1.891143 1.786627 1.912131 1.978809 2.033848 2.068310 1.792909 1.866929 1.911228 1.769682 1.758481 1.911024 2.028175 1.995252 1.904594 1.852406 2.026763 2.208328 2.308992 2.584718 2.751195 2.389469 2.129517 1.945703 1.856652 1.713515 1.514247 1.435662 1.482895 1.483061 1.660265 1.649921 1.767459 1.999663 2.156914 2.304276 2.823745 4.003961 3.844218 2.880527 3.314134 3.666926 3.674479 2.604952 2.711488 2.458149 2.121664 1.838424 1.534142 1.294486 1.592438 1.522058
2.158351 2.380946 2.189465 3.113258 2.359521 2.273846 2.482059 2.495319 2.210683 2.153838 1.940562 1.768534 1.772700 1.667398 1.618188 1.640863 1.921427 1.968752 1.915204 1.747658 1.634605 1.747658 1.763102 1.656689 2.001030 1.996647 2.040600 2.122369 2.159298 2.215662 2.456151 2.575497 2.328784 2.055230 1.942687 1.851627 1.664589 1.523086 1.656209 1.647199 1.593892 1.729838 1.715579 1.855134 2.041684 2.182402 2.255231 4.085205 3.978773 3.109758 3.865108 4.113504 2.675763 2.298672 2.298672 2.404097 2.443828 2.316557 2.176906 1.956057 1.665010 1.681003
1.833588 1.885541 2.048266 2.095959 2.194223 2.219530 2.464828 2.470030 2.523668 2.552828 2.164876 2.056438 1.974947 1.877954 1.941908 1.815729 2.154713 2.129075 2.328223 2.318405 2.190965 2.170579 2.124904 2.084064 2.205491 2.068909 1.993725 2.057999 2.147849 2.234365 2.534173 2.605171 2.412622 2.155439 2.000944 1.976264 1.868916 1.727171 1.803165 1.764936 1.722118 1.839506 1.778216 1.778216 1.885285 2.070557 1.919714 2.145800 2.876734 3.978377 4.253050 4.210049 3.998804 3.040124 2.164183 2.076942 2.199512 2.256049 2.252818 2.144375 1.934885 1.955258
1.738591 1.727795 2.062146 2.127837 2.119739 2.142514 2.324957 2.375116 2.693294 2.700608 2.202904 2.216386 2.188179 2.102795 2.083127 2.088181 2.358208 2.490868 2.643937 2.653709 2.729954 2.775367 2.856877 2.753792 2.468396 2.082905 1.910459 1.963293 2.114916 2.314105 2.526149 2.729996 2.712522 2.379945 2.202427 2.162567 2.076942 2.076942 2.114232 1.894499 1.819012 1.777867 1.749335 1.691944 1.605424 1.776200 1.709598 1.985012 2.515327 3.872542 4.174099 4.091791 3.944432 3.638791 2.535671 2.022004 1.946076 2.028040 2.104199 2.093800 1.999989 2.063556
1.903629 1.920664 2.085698 2.097285 2.109238 2.126475 2.319021 2.375116 2.721921 2.618789 2.431375 2.327245 2.328039 2.265712 2.166616 2.237305 2.457226 2.553536 2.614856 2.713130 2.789425 2.875723 2.962685 2.954680 2.868312 2.156118 2.024934 1.986710 2.087798 2.087798 2.323143 2.556910 2.909423 3.054152 2.698097 2.426713 2.453429 2.398412 2.531019 2.166757 1.955335 1.814916 1.768606 1.726643 1.812768 1.650795 1.694900 1.916292 2.260433 3.617759 4.069688 4.020229 3.906157 3.834332 3.470648 2.330100 1.863977 1.866903 2.017934 2.133061 2.094723 2.295758
