FB/MTT/SampleData/Outputs/Barriers_ELLIPSEDIM_A.asc
NCOLS 84
NROWS 94
XLLCORNER -2098.000000
YLLCORNER 3210.000000
CELLSIZE 30.000000
NODATA_VALUE -1
[rows 28 to 55 of 94, columns 0 to 62 of 84]
1.633052 1.518156 1.518156 1.396835 1.253093 0.848366 0.446140 0.392164 0.362992 0.335464 0.403415 0.443977 0.350964 0.344839 0.562900 1.052714 0.680931 1.281026 0.832068 0.449122 0.372626 0.313765 0.551570 0.809342 0.554379 0.380780 0.487550 0.541622 0.711902 0.542769 0.461628 0.581976 0.487062 0.455694 0.332016 0.490236 0.543471 0.631581 0.094880 0.336725 0.565612 0.000000 0.000000 1.849952 0.101612 0.462139 0.599880 0.700603 1.361480 0.984646 0.974082 0.908894 0.782460 0.407511 0.374222 0.351804 0.093208 0.092851 0.094676 0.356837 0.403415 0.697163 0.642890
0.000000 0.000000 1.699517 1.173274 0.737406 0.382706 0.378353 0.377098 0.362229 0.328169 1.004895 0.498204 0.374186 0.335922 0.412268 0.395659 0.985220 1.097619 1.127725 0.490917 0.398825 0.355684 0.335964 0.340208 0.821062 0.691212 0.427906 0.568917 0.583152 0.336754 0.477624 0.519776 0.529014 0.484109 0.092930 0.097041 0.109560 0.097990 0.102823 0.000000 0.000000 0.000000 0.126267 0.100468 0.367564 0.577993 1.367351 1.322099 0.534981 0.430631 0.787749 0.902174 0.439459 0.421407 0.384673 0.384673 0.354227 0.092513 0.090565 0.092452 0.090683 0.103439 0.377088
1.586055 1.153139 1.410729 3.333561 0.871445 0.351358 0.569643 0.485915 0.340700 0.323644 0.431993 0.510382 0.462558 0.391965 0.373592 1.053334 1.064486 0.388412 0.649620 0.542296 0.541982 0.489451 0.324841 0.329218 0.342608 0.380748 0.457786 0.449966 0.355989 0.354712 0.336085 0.094761 0.109157 0.108979 0.094302 0.094758 0.094805 0.092515 0.000000 0.000000 0.000000 0.101639 0.577375 0.648955 0.462261 1.129686 1.129686 0.539730 1.075779 0.873559 0.388313 0.435018 0.456973 0.459465 0.438635 0.436132 0.415490 0.383272 0.098241 0.092979 0.094342 0.095418 0.096455
0.344911 0.614632 0.504862 1.010990 1.064199 0.671974 0.321586 0.322981 0.340739 0.330398 0.411799 0.485395 0.462558 0.428957 1.119613 1.024492 0.533930 0.778704 0.477923 0.361277 0.681244 0.830151 0.423749 0.345701 0.327555 0.355299 0.330389 0.336948 0.342847 0.357392 0.101983 0.110062 2.845150 2.845408 2.843250 2.841815 2.834439 2.820371 0.000000 0.836040 2.849788 0.105530 0.345378 0.578526 0.416019 1.074844 0.971907 0.481260 0.922777 0.446656 0.364053 0.419610 0.421221 0.459013 0.457721 0.455808 0.454424 0.434910 0.399958 0.100568 0.395244 0.108044 0.096625
0.834014 1.837824 0.750541 0.587488 0.793865 0.826485 0.602799 0.312900 0.315802 0.314654 0.345609 0.429189 0.427797 0.580218 1.071732 1.024492 0.829230 0.910401 0.867433 0.735059 0.475279 1.373463 0.579865 0.370403 0.317170 0.329582 0.334330 0.323532 0.090246 0.096719 0.110132 0.000000 0.000000 0.000000 0.109958 2.839065 0.000000 0.000000 2.940235 2.026109 0.728124 0.347837 0.339585 0.345826 0.441641 0.560058 0.915874 0.867346 0.460606 0.474887 0.371734 0.343642 0.577170 0.420963 0.457347 0.455808 0.476529 0.455741 0.435829 0.401506 0.423147 0.392471 0.098559
0.791371 0.902140 1.042591 0.385014 0.340153 0.429379 0.413895 0.353660 0.343461 0.315985 0.338229 0.376290 0.386120 0.340566 0.412864 0.475073 0.606147 0.622185 0.718896 0.757335 0.696145 0.696145 0.564516 0.396614 0.452007 0.317800 0.326181 0.322193 0.105340 0.109876 0.000000 0.000000 2.839570 2.831128 2.828134 0.110374 2.845465 2.902884 0.438857 0.416819 0.415018 0.377822 0.546770 0.532514 0.441170 0.513672 0.510882 0.511207 0.533566 0.557191 0.471068 0.348639 0.620869 0.604229 0.712523 0.456269 0.476852 0.477793 0.478008 0.458504 0.437921 0.385699 0.349924
0.749030 0.567512 2.495147 0.580088 0.345566 0.338841 0.412504 0.416441 0.676332 0.344848 0.330580 0.593068 0.387016 0.387016 0.503946 0.456187 0.602130 0.540523 0.421197 0.498964 0.581183 0.631240 0.350519 0.327251 0.340719 0.322541 0.089879 0.090938 0.109336 0.000000 1.309016 2.842085 2.831012 2.820947 2.827362 0.099412 0.421694 0.844167 0.418033 0.759670 0.718676 0.667783 0.604203 0.331843 0.396115 0.401652 0.466253 0.511474 0.557038 1.192558 1.064513 0.445349 0.716621 0.572043 0.612417 0.418521 0.456269 0.858804 0.500958 0.501756 0.432861 0.395669 0.358497
0.329071 0.832068 1.460930 1.037989 0.409707 0.409707 0.325788 0.349244 0.329439 0.626647 0.772811 0.559437 0.546964 1.330978 0.521467 0.386657 0.337474 0.528774 0.450589 0.437393 0.476744 0.345609 0.343202 0.451536 0.354854 0.432905 0.090559 0.097887 2.850088 0.000000 0.000000 0.000000 0.000000 0.000000 0.104207 0.104314 0.410059 0.426354 0.386672 0.650711 0.602032 0.538858 0.573972 0.526722 0.330100 0.334861 0.358891 0.459624 0.555148 1.242079 1.240220 0.968724 0.461594 0.599389 0.589090 0.642019 0.419610 0.807879 0.458104 0.456645 0.428794 0.410165 0.371524
0.431023 0.838727 0.334281 1.265937 1.124337 0.854802 0.655808 0.340150 0.331728 0.332808 0.332846 0.476257 0.570810 0.659546 1.770034 0.474162 0.392086 0.602992 0.824669 0.532040 0.332876 0.347911 0.353204 0.338775 0.456991 0.512474 0.101839 2.853776 2.845785 0.000000 0.000000 0.000000 0.000000 0.852250 0.402501 0.100837 0.105066 0.402206 0.389290 0.344647 0.336570 0.529048 0.347566 0.350217 0.339637 0.337027 0.345717 0.414051 0.534981 1.314799 1.254387 1.119706 1.132763 0.781782 0.570819 0.380737 0.402401 0.402401 0.709905 0.416621 0.432349 0.452163 0.432782
1.017996 1.536913 0.521876 0.805579 0.539516 0.485904 0.429327 0.460458 0.785403 0.416647 0.365343 0.332135 0.337270 0.365872 0.571308 0.422814 0.556579 0.909255 0.865603 0.353632 0.326318 0.555179 0.346520 0.480236 0.099821 0.101908 2.852746 0.000000 1.306363 2.839065 2.820757 0.000000 2.632119 1.068829 0.425314 0.343704 0.091888 0.126334 0.452993 0.360989 0.344647 0.337898 0.334281 0.333643 0.337563 0.334145 0.356667 0.401598 0.831434 0.831434 1.059952 1.369901 1.134557 2.906713 1.141636 0.713863 0.571100 0.617112 0.709905 0.416315 0.731777 0.472898 0.870525
0.545018 1.567637 0.574414 0.396685 0.559222 0.803875 0.602239 2.681482 0.981814 0.961709 0.861045 0.401644 0.321739 0.345256 0.657380 0.432195 1.087034 1.024669 0.436132 0.315173 0.330626 0.644363 0.556130 0.624780 0.101946 0.110092 0.000000 0.833781 0.000000 0.000000 0.000000 3.101718 1.265617 0.513019 0.376183 0.652998 0.094078 0.112684 0.451173 0.439677 0.439677 0.345849 0.329479 0.327242 0.319562 0.322632 0.339306 0.662281 0.787167 0.898749 0.920381 1.048942 1.134557 0.952469 1.070358 0.865889 0.618383 0.544434 0.602688 0.416315 0.432861 0.450764 0.847149
1.175829 1.558808 0.796821 0.415336 0.514216 0.539941 1.018989 1.065768 1.022385 1.238970 1.159711 1.119928 0.432409 0.327249 0.827448 1.027853 1.095004 0.726245 0.457492 0.326149 0.563430 2.835895 1.779719 0.102513 0.110062 0.000000 2.843854 0.000000 2.830950 0.000000 2.900589 0.999256 0.999256 0.582601 0.430454 0.343578 0.656010 0.589842 0.100794 0.108575 0.470455 0.380978 0.333798 0.322944 0.333969 0.396263 0.405437 0.376320 0.824949 1.047514 1.143806 0.559584 0.968313 0.702348 0.915961 1.034636 0.893948 0.606403 0.340348 0.626485 0.415202 0.451670 0.897292
0.567340 3.454237 2.957606 0.545024 0.344466 0.429528 0.968879 1.111263 1.254251 1.161641 1.153139 1.117950 0.995927 0.485171 1.975317 1.227166 0.565308 0.485142 0.522812 0.335793 0.563358 2.839613 2.844033 0.109967 0.109967 0.000000 0.000000 2.839065 2.832109 0.000000 0.000000 0.790261 0.510160 0.496347 0.652436 0.336251 0.369799 0.471728 0.779954 0.098370 0.384464 0.415447 0.340209 0.338638 0.353210 0.718247 0.875444 0.770939 0.829564 1.153931 0.864946 0.719451 0.620869 0.525406 1.208524 1.287786 3.673779 3.431675 0.726907 0.359158 1.282117 0.452584 0.709905
0.547342 1.458098 1.318640 0.549024 0.539491 0.339778 0.354305 0.436659 1.175055 1.076866 1.119738 0.987030 1.030482 1.359803 0.824298 0.824298 0.399753 0.085485 0.089780 2.840005 2.838269 2.836485 0.000000 2.832592 0.000000 2.830934 2.832262 0.102511 2.825020 2.822572 0.414492 0.509710 0.491001 0.791223 0.378401 0.340654 0.348274 0.779954 0.473703 0.104422 0.089242 0.102167 0.383632 0.350615 0.336234 0.381167 0.639908 0.624764 0.677577 0.871330 0.751311 0.428270 0.822183 0.604650 0.779588 3.190917 3.659144 1.353610 0.876217 0.914070 1.298088 1.268514 0.416412
0.518806 1.336501 1.293659 1.271763 1.288702 0.360664 0.345498 0.345498 0.320841 1.078686 0.905317 0.771189 0.573711 0.660454 1.442362 1.153936 0.103840 0.095135 0.090600 0.094867 2.828926 2.827757 2.833244 0.000000 0.000000 0.109825 0.109836 2.824684 0.000000 0.127342 0.469771 0.539339 0.461738 0.741224 0.648145 0.362073 0.349213 0.382798 0.430817 0.769411 0.100631 0.092133 0.094385 0.095925 0.351631 0.101951 0.406160 0.533593 0.336767 0.571100 0.689224 0.677385 0.583981 0.775734 0.859838 1.140907 1.245952 1.150751 1.033000 1.308798 1.296255 1.290220 1.282681
0.446724 1.343059 2.903207 1.271266 1.275692 0.375794 0.367134 0.358190 1.173864 0.831701 1.126459 0.000000 0.000000 1.389166 1.004413 1.193921 0.100471 0.110116 0.109789 0.109784 0.110070 2.824215 1.685104 2.826081 2.827201 0.110253 0.103125 0.100848 0.104281 0.387539 0.498092 0.970442 0.788088 0.701731 0.384473 0.387547 0.374752 0.357259 0.413524 0.451216 0.434454 0.377136 0.346280 0.096157 0.091701 0.097178 0.096305 0.347410 0.338208 0.572635 0.700527 0.690471 0.712227 0.600161 0.681962 0.827624 0.933509 0.994730 1.159115 1.159115 1.581309 1.398883 1.304856
1.045461 1.313021 0.100126 1.227290 0.382653 0.390145 0.393811 0.389666 1.045961 1.252507 0.000000 0.000000 0.000000 0.000000 1.306477 0.719627 2.854506 0.109836 0.102528 0.110625 0.095815 0.110510 0.000000 0.337027 0.558083 0.337558 0.332069 0.341421 0.420621 0.477067 0.460231 0.826504 0.831109 0.413555 0.416577 0.808468 0.409384 0.381772 0.397468 0.413176 0.434398 0.402882 0.368150 0.377473 0.360943 0.386120 0.104831 0.096198 0.090420 0.095982 0.389549 0.389549 0.752885 0.369648 0.622646 0.660834 0.843230 0.872021 0.950289 0.559306 1.772706 1.550489 1.333680
1.058277 0.572477 1.213174 0.447679 0.401917 0.393811 0.391089 0.413637 1.093886 0.000000 0.000000 0.000000 1.262267 1.057105 0.100903 2.839046 2.845525 0.097984 0.095918 0.094685 0.334101 0.551818 0.549711 0.384405 0.401863 0.378983 0.347856 0.352956 0.456232 0.871647 0.430454 0.780305 0.441061 0.455214 0.452469 0.467911 0.420721 0.388920 0.397269 0.416271 0.436551 0.439952 0.413708 0.413708 0.710142 0.872185 0.447802 0.411307 0.357675 0.094383 0.089069 0.102423 0.389273 0.357741 0.656052 0.612417 0.667358 0.901903 1.209526 1.448689 1.655980 1.443586 1.297607
0.651143 0.706115 0.595254 1.286934 0.463838 0.426887 0.400425 1.166253 1.292229 0.000000 0.000000 1.224107 1.080532 0.096298 0.102715 0.110123 2.839427 0.525740 0.100119 0.096233 0.330261 0.338968 0.367292 0.432486 0.454225 0.440937 0.699189 0.348045 0.441793 0.480860 0.496347 0.827624 0.461443 0.473563 0.473563 0.439996 0.396306 0.377861 0.337611 0.372191 0.422802 0.480198 0.502889 0.486326 0.922732 0.489396 0.483265 0.458851 1.305241 1.301745 0.094429 0.095075 0.097668 0.105435 0.105658 0.100644 0.383555 0.523311 0.651453 1.432122 1.981978 1.765437 1.334444
0.759678 1.545053 1.294024 1.413270 1.541168 1.367153 1.228579 1.086433 1.532061 1.348474 1.082847 0.962426 0.094999 2.833765 0.124507 2.840957 2.821914 0.560331 0.098852 0.097849 0.333712 0.356456 0.399126 0.406776 0.694129 0.407711 0.407711 0.777332 0.616915 0.384404 0.513335 0.582557 0.876819 0.445590 0.437934 0.400792 0.590603 0.341938 0.333905 0.357402 0.680332 0.464258 0.504075 0.505838 0.489715 1.349999 0.120133 0.932602 1.282681 1.302515 0.107331 0.376610 0.098390 0.106007 0.106563 0.106158 0.107225 0.418387 0.600249 0.894505 1.413005 1.720629 1.428314
1.547031 0.732609 1.372688 0.650738 1.721432 1.394193 1.193384 1.487718 1.323854 1.154853 0.821151 0.000000 0.000000 0.109997 0.098566 2.830999 2.836720 0.809860 0.809860 0.394416 0.100658 0.096038 0.362073 0.384383 0.416063 0.388959 0.361409 0.451216 0.625814 0.573624 0.557930 0.601061 0.874368 0.430732 0.683268 0.359158 0.344990 0.339585 0.558787 0.355123 0.378974 0.411727 0.442275 0.443823 0.772793 1.325131 1.311689 1.288226 1.273750 1.306877 1.329193 0.111270 0.109075 0.395281 0.415171 0.467686 0.139004 0.113095 0.097851 0.134694 0.107390 0.478047 0.516073
1.398281 0.551468 0.546793 1.154217 1.679947 1.417464 1.515474 1.691292 1.035432 1.035432 0.787839 0.448161 0.099382 2.837998 0.095109 0.098195 2.821431 0.000000 1.091416 0.433486 0.367134 0.096344 0.357652 0.430381 0.751641 0.389597 0.362749 0.416315 0.869700 0.546663 0.519019 0.579255 0.954212 0.811768 0.768560 0.366787 0.339643 0.540332 0.567929 0.363848 0.383424 0.389551 0.665588 0.409798 1.328202 1.329599 1.315212 1.304350 1.273750 1.324448 1.366357 1.387463 0.986264 0.390062 0.434816 0.553965 0.600379 0.624493 0.550678 0.112656 0.108869 0.592494 0.624709
0.419616 0.339363 0.355275 0.410315 0.496910 0.554859 1.277732 1.364549 0.668345 0.571888 0.463762 0.091184 0.098192 0.097958 0.097986 0.102550 0.000000 1.048475 0.601170 0.393264 0.341820 0.095898 0.361864 0.453595 0.400356 0.389141 0.620869 0.569367 0.863824 0.393860 0.415770 0.997045 0.821005 0.440868 0.806129 0.733754 0.620070 0.601424 0.594050 0.365349 0.374948 0.648191 0.638878 1.313283 1.326787 0.431859 0.825040 0.743345 0.793925 0.452401 1.429866 1.427437 0.125590 0.374047 0.389380 0.580127 1.070825 0.554771 0.599265 0.134686 0.111967 0.690088 0.690088
0.329316 0.341572 0.341560 0.361135 0.420721 0.422287 0.570446 1.087034 0.495646 0.091033 0.108545 2.854774 0.102580 0.090683 0.097977 2.823791 2.138406 0.605007 0.539779 0.342304 0.314657 0.090750 0.112596 0.453783 0.377120 0.620479 0.598851 0.542703 0.406100 0.427584 0.618735 1.045763 0.827624 0.752115 0.791403 0.751071 0.681439 0.663805 0.706384 0.385196 0.389856 0.657679 0.385197 0.382280 0.406531 1.027566 0.799960 0.760763 0.797947 0.469679 0.877031 0.990294 0.864696 0.740476 0.414099 0.386859 1.246607 1.246607 0.496314 0.549164 1.232875 0.108262 0.716236
0.336455 0.336435 0.512474 0.789703 0.775746 0.375689 0.718330 0.527297 0.108502 2.854774 0.000000 0.000000 0.102526 0.098348 2.820757 0.000000 0.752317 0.579938 0.477007 0.333187 0.321191 0.092778 0.120260 0.438664 0.624823 0.358930 0.597642 0.337804 0.353221 0.403734 0.732414 1.074844 0.478922 0.981260 0.961560 0.870544 0.788088 0.783663 0.443004 0.424827 0.417517 0.395162 0.622699 0.867904 0.977592 0.764674 0.789700 0.793604 0.815349 0.865747 0.471384 0.466000 0.430555 0.799634 0.777332 0.757016 1.266744 1.307240 0.480787 1.310225 0.471807 0.110390 0.576912
0.336202 0.534783 0.321616 0.336085 0.689290 0.515720 0.427906 0.105626 2.856243 1.309284 0.000000 0.109807 0.091094 2.819723 0.123965 2.826205 0.383015 0.531689 0.471231 0.337524 0.090593 0.096372 0.419833 0.403171 0.379249 0.353500 0.359052 0.550580 0.338775 0.354087 0.710161 0.516169 0.922053 0.914606 0.478245 0.456449 0.460785 0.460785 0.453922 0.435968 0.425098 0.408792 0.385931 0.379788 0.386120 0.764674 0.758349 0.410810 0.456269 0.438875 0.450628 0.448114 0.446066 0.455347 0.784376 0.826290 1.129686 1.154099 1.420063 1.297688 1.271266 0.109322 0.134919
1.302526 0.554748 0.349282 0.337774 0.632933 0.525606 0.592523 0.109309 0.110107 2.844745 0.102511 0.092488 0.110694 2.820540 2.820064 0.545354 0.348466 0.434702 0.489810 0.334861 0.094487 0.094817 0.387039 0.389290 0.401195 0.364886 0.362515 0.540332 0.540332 0.342847 0.359591 0.820202 0.515964 0.971764 0.875080 0.444488 0.863510 0.460606 0.456616 0.435800 0.400255 0.401407 0.385654 0.397946 0.412513 0.511996 0.837189 0.407953 0.434910 0.421848 0.431954 0.470718 0.835674 0.950291 0.781149 0.849237 0.559987 0.455699 0.112352 0.097378 1.298254 1.267048 0.099480
1.259835 0.611250 0.607960 0.546878 0.554805 1.775269 0.622658 0.109868 0.110107 0.109795 0.097978 2.821253 2.826463 2.851100 0.713633 0.367983 0.462723 0.367124 0.534302 0.831109 0.831109 0.378048 0.093913 0.095223 0.390099 0.404335 0.397098 0.368256 0.334521 0.331860 0.360833 0.477681 0.518162 0.518952 0.499576 0.871647 0.866631 0.475036 0.453320 0.435077 0.434068 0.416329 0.432207 0.467468 0.528904 0.724477 0.574843 0.503709 0.499586 0.441483 0.475189 0.933241 0.936695 1.220963 0.498829 0.512650 0.533242 0.417957 0.101211 1.308740 1.306097 0.745856 0.091189
