FB/MTT/SampleData/Outputs/Barriers_ELLIPSEDIM_A.asc
NCOLS 84
NROWS 94
XLLCORNER -2098.000000
YLLCORNER 3210.000000
CELLSIZE 30.000000
NODATA_VALUE -1
[rows 0 to 27 of 94, columns 0 to 62 of 84]
0.486453 0.414715 0.336383 0.330642 0.333246 0.415986 0.510937 0.535726 0.468376 0.432456 0.440868 0.455917 0.478594 0.478922 0.479078 1.063928 0.423797 0.424108 0.418271 0.444646 1.383257 0.438527 0.810175 0.933906 0.868275 0.833962 0.770914 0.739983 1.703792 0.961854 0.966645 0.808275 0.497548 0.084526 0.090556 0.090662 0.090742 0.092562 0.331843 0.328134 0.334431 0.333037 0.337579 0.345882 0.380032 0.652506 1.378788 1.358629 1.303591 1.266137 1.228420 1.074062 1.168862 0.335526 0.335526 0.376320 0.421439 0.347078 0.331982 0.318306 0.360736 0.430274 0.358252
0.315563 0.329886 0.325873 0.357045 0.450575 0.537288 0.558300 0.996994 0.383178 0.895786 0.425362 0.460034 0.478594 0.478922 0.460958 0.991005 0.420478 0.437017 0.440294 1.433382 1.406717 0.904351 1.335904 0.964339 0.836519 0.742368 0.711872 0.681534 1.617868 0.932821 0.939903 0.810662 0.628772 0.380353 0.090549 0.092334 0.090780 0.092276 0.092563 0.096400 0.331370 0.343143 0.339417 0.358055 0.384278 0.700869 0.700869 1.013275 1.307697 1.308206 1.272035 1.246174 1.271676 0.336345 0.346365 0.386479 0.418334 0.346573 0.349579 0.501834 0.339924 0.432643 0.366774
0.701847 0.357350 0.411049 0.449745 0.513672 0.535180 0.471544 0.933403 0.859702 0.903088 0.434885 0.460034 0.460606 0.460785 0.989765 0.420478 0.423955 0.461287 0.454453 0.131962 0.962199 0.879194 0.756877 0.843088 1.530219 0.653428 0.682516 1.211717 0.716467 0.906141 0.973769 0.780303 0.625113 0.491059 0.087502 0.095036 0.094675 0.090895 0.089323 0.092488 0.110387 0.101304 0.356688 0.348585 0.347544 0.763221 0.911181 2.278460 0.587455 1.313131 1.265043 1.268906 0.336125 0.354781 0.347477 0.382193 0.395747 0.342897 0.331844 0.318182 0.334575 0.390536 0.389186
0.375109 0.925137 0.448761 0.467379 0.513537 0.494226 0.416349 0.859702 0.927269 0.433631 0.452469 0.459832 0.443606 0.420178 0.954496 0.439839 0.457235 0.479078 0.472515 1.026122 0.918490 0.808931 0.489631 0.689472 0.625663 0.894982 0.568358 0.653609 0.715694 0.715694 0.911799 0.000000 1.420323 0.572809 0.493383 0.349334 0.090746 0.090864 0.090778 0.094922 0.102571 0.099661 0.381870 0.350554 0.341938 0.777967 0.993836 0.781704 0.575649 0.523583 1.221298 1.281040 0.321129 0.344704 0.357987 0.357741 0.351394 0.344189 0.321586 0.335419 0.495659 0.548457 0.367912
1.023906 1.009455 0.448411 0.469425 0.492699 0.459410 0.420761 0.953921 0.931401 1.002055 0.946211 0.982942 0.950870 0.953326 0.428035 0.460958 0.962253 0.494603 1.108611 1.073837 0.774347 0.774347 0.537609 0.861663 0.961635 0.719026 0.428059 0.421975 0.625663 0.749828 0.000000 0.000000 1.289568 0.542921 0.465533 0.364544 0.086624 0.089113 0.090778 0.094922 0.098008 0.097740 0.394552 0.365872 0.612963 0.818515 0.478062 0.846641 0.648275 0.328040 1.221298 1.265007 0.321205 0.330786 0.377343 0.337611 0.335597 0.361648 0.329315 0.345035 0.535349 0.556130 0.499896
0.488225 0.471408 0.471408 0.491382 0.475692 0.451710 0.417057 0.958163 0.387242 0.873231 0.908238 0.390040 0.390040 0.404537 0.420020 0.865122 0.913238 0.497955 0.494721 0.456449 1.322373 1.282383 1.134217 1.064184 0.570716 0.542928 0.489994 0.749982 1.351429 0.944674 1.090383 1.523241 1.070814 0.515964 0.441219 0.359969 0.083923 0.089043 0.090778 0.092584 0.124053 0.109984 0.100445 0.615471 0.631917 0.782233 0.856123 0.900801 1.830404 0.502786 0.356082 1.264977 0.341616 0.338303 0.356208 0.332873 0.337744 0.347544 0.323447 0.416335 0.536229 0.335646 0.507987
0.468412 0.491177 0.493686 0.469425 0.469425 0.456670 0.433175 0.960217 0.374152 0.374877 0.372679 0.389273 0.919919 0.427452 0.433929 0.479078 0.962253 0.497955 0.472871 1.350891 1.300502 0.762209 1.143770 0.978804 0.980826 0.995927 1.054669 0.709745 0.991512 0.000000 0.656004 1.320835 0.925494 0.717803 0.592732 0.339224 0.317720 0.089583 0.092620 0.092584 0.102656 2.835676 0.103273 0.114315 0.677993 0.689217 0.738018 0.844532 0.590048 0.424480 0.391772 0.347933 0.332852 0.337713 0.352380 0.321286 0.348937 0.354053 0.503628 0.568917 0.095780 0.093857 0.515093
0.469463 0.472940 0.453577 0.435580 0.418911 0.721296 0.892167 0.834002 0.359969 0.375109 0.388422 0.418580 0.427032 0.443411 0.460785 0.492215 0.494482 0.865889 1.371121 1.296547 1.025704 1.094906 0.000000 1.056775 1.218843 1.242326 1.213207 1.121551 1.250172 0.707899 0.795821 2.169479 0.682828 0.453777 0.499326 0.470312 0.340520 0.331744 0.091167 0.092674 0.092584 2.839065 0.123965 0.118440 0.786740 0.588449 0.715492 0.938321 0.748366 0.473115 0.438030 0.492084 0.327745 0.347920 0.348803 0.512474 0.512474 0.521634 0.527139 0.338705 0.092149 0.093548 0.101839
0.509172 0.475443 0.439163 0.403415 0.393916 0.860543 0.806475 0.359526 0.400902 0.903088 0.944509 0.425871 0.422734 0.443794 0.479078 0.517701 0.132710 1.325633 1.295005 1.248262 1.866346 1.675667 0.000000 1.062211 1.149109 1.230583 1.225838 1.162088 0.646403 0.933323 0.398217 0.658625 0.761287 0.696145 0.426813 0.610449 0.371990 0.346892 0.086957 0.092663 0.094922 0.109958 2.820866 0.708998 0.769555 0.754766 0.814613 1.020428 1.020428 0.714945 0.527430 0.653556 0.513609 0.321492 0.337447 0.337516 0.443589 0.420871 0.502357 0.096271 0.097262 0.094711 2.839275
0.491177 0.841462 0.751311 0.406160 0.402185 0.880764 0.385083 0.383178 1.019116 0.927269 0.906500 0.944049 0.777039 0.460958 0.517940 1.391659 0.097074 0.405048 1.156603 0.942552 1.299349 1.822536 0.000000 1.143770 1.319076 1.292229 1.323854 1.275386 1.208094 0.822428 0.547223 0.508328 0.744897 0.958911 0.936809 0.724029 0.555405 0.517449 0.087243 0.091756 0.091756 0.092584 0.098087 0.109827 0.105388 0.356837 0.823960 0.996654 0.918619 0.607204 0.357399 0.611088 0.413633 0.317785 0.516347 0.342306 0.452808 0.469826 0.099336 0.109789 0.109945 0.102561 2.824793
0.416819 0.434469 0.453892 0.469382 0.467232 0.466993 0.471710 1.033991 0.981078 0.383566 0.372263 0.886911 0.428218 0.915874 0.498705 1.301315 0.686563 1.091808 1.487191 1.343690 1.348474 1.545003 1.393386 1.408821 1.287464 1.214983 1.281888 1.201972 1.043421 0.781067 0.614778 0.614778 0.620644 0.638320 0.623960 0.979604 0.976716 0.986783 0.780042 0.385241 0.089814 0.092671 0.098087 0.109886 0.525061 0.357099 0.480445 0.480021 0.773350 0.336877 0.434164 0.546431 0.321867 0.315098 0.497640 0.350217 0.532377 0.000000 0.109211 0.094846 0.123965 2.820064 0.656517
0.438189 0.510260 0.529460 0.552589 0.576821 0.577875 1.090083 0.487359 0.374599 0.784474 0.803998 0.382890 0.406695 0.422405 1.330813 1.083390 1.225838 1.506216 1.506216 1.300761 1.172135 1.425547 1.408821 0.000000 1.281932 0.991968 1.226409 0.796983 0.607404 0.371838 0.606902 0.573620 0.706683 0.829313 0.522558 0.660773 1.097784 1.034819 1.051965 0.463930 0.088197 0.090846 0.102656 0.109958 0.336993 0.367227 0.480135 0.444323 0.658755 0.519599 0.315622 0.352126 0.458772 0.322443 0.091115 0.095395 0.108608 0.000000 0.109994 0.094822 0.099085 0.545300 0.578110
0.494603 0.532638 0.531070 0.554008 0.552699 0.528636 0.506051 0.423147 0.332053 0.337862 0.340283 0.351969 0.362134 2.926176 1.293261 1.113240 1.065738 1.423997 1.385449 1.358023 1.263154 1.312643 1.595049 1.233412 0.844957 0.633520 0.578007 0.606969 0.456991 0.507916 0.516697 0.503081 0.570812 0.921122 0.789700 0.516860 0.797762 0.717310 1.115928 0.940752 0.093919 0.094706 0.094922 0.094922 0.337996 0.367227 0.473476 0.405324 0.349213 0.326490 0.328123 0.411106 0.581646 0.081399 0.109312 0.095030 0.098087 0.109958 0.097944 0.099575 0.101584 0.570368 0.351558
0.473725 0.458127 0.442573 0.450661 0.135469 0.122916 0.122916 0.109412 0.324524 0.317194 0.339152 0.331325 0.351646 1.312860 1.292277 0.654546 1.183750 1.272150 1.441939 1.468195 1.533968 1.658333 0.000000 0.927151 0.781915 0.653459 0.671466 0.410251 0.466002 0.563032 0.516892 0.460714 0.335671 0.728497 0.907654 0.343898 0.464358 0.489275 0.881933 0.961880 0.580822 0.101874 0.102656 0.098087 0.520925 0.366787 0.452500 0.381703 0.346082 0.330459 0.332799 0.496241 0.465567 0.121755 0.124234 0.102656 0.102656 0.109805 0.096687 0.419468 0.402501 0.363132 0.328595
1.115756 0.405983 0.389775 0.378274 0.378189 0.364823 0.095165 0.091743 0.327385 0.313474 0.316107 0.343969 0.402401 2.900900 0.495051 0.709507 1.272150 1.489105 1.524605 1.447749 1.515474 0.000000 1.242326 0.889366 0.948434 0.986868 0.415073 0.429939 0.508895 0.566181 0.335818 0.332894 0.520775 0.701731 0.961560 0.346171 0.326292 0.335164 0.720033 1.021622 0.563981 0.108354 0.109958 0.102656 0.638320 0.351991 0.436741 0.374877 0.340385 0.346897 0.579865 0.643796 0.107211 0.110127 0.102656 0.109958 2.821099 0.128813 0.392383 0.392383 0.434755 0.416127 0.395528
0.444199 0.736711 0.344647 0.660834 0.383961 0.347983 0.340434 1.266759 0.340807 0.351418 0.417509 0.671744 0.546242 1.207882 1.102237 1.093886 1.482420 1.610720 1.292229 1.225838 1.300761 1.265782 1.124343 0.743972 0.401067 0.392628 0.333089 0.486875 0.329363 0.339285 0.328713 0.517941 0.520893 0.636305 1.009279 0.363423 0.496251 0.390098 0.713858 0.939035 0.495962 2.850051 0.102656 0.092584 0.331573 0.344925 0.386123 0.370839 0.350873 0.534634 0.534634 0.512111 2.850678 0.095078 0.097980 0.109848 2.823847 0.000000 0.907822 0.459191 0.393254 0.384188 0.399634
0.363383 0.319857 0.331063 0.362236 0.390619 0.361269 0.331743 1.281159 0.375988 1.029481 0.538801 0.545507 1.047717 0.648584 1.281136 1.265782 1.469533 1.233412 1.436560 0.000000 1.485807 1.310393 0.998200 0.359027 0.324094 0.422776 0.561681 0.566094 0.327349 0.315576 0.329784 0.569925 0.516511 0.348292 0.496314 0.689715 0.336003 0.577190 0.525455 0.607955 1.168862 0.123017 0.123017 0.098164 0.094922 0.636769 0.336373 0.351895 0.352718 0.347435 0.479927 0.542448 0.098102 0.094829 0.098232 0.000000 0.129949 0.816741 0.994307 0.443211 0.355382 0.348045 0.369013
0.363383 0.341200 0.327502 0.351866 0.387730 0.367051 0.330739 0.321285 0.417383 0.739798 1.043186 0.599637 0.490859 1.089437 1.281136 1.225838 1.030482 1.382337 0.710746 1.479532 1.221800 0.919465 0.697067 0.352682 0.326095 0.409764 0.517598 0.637999 0.325021 0.370082 0.498249 0.523022 0.503984 0.333619 0.333619 0.848012 0.840067 0.362568 0.335419 0.550687 0.549702 0.109632 0.122928 0.095060 0.098087 0.521057 1.794465 0.636939 0.338156 0.331371 0.093922 0.093465 0.000000 2.821170 0.000000 2.914182 0.843433 0.490008 0.473563 0.399508 0.339585 0.343710 0.344085
0.356089 0.379966 0.317502 0.768733 0.405344 0.375984 0.333073 0.322750 0.520098 1.015549 0.953618 1.267156 1.105099 0.598099 1.319424 1.163681 0.955430 1.106075 1.379158 1.198266 0.448999 0.596993 0.369926 0.370982 0.337791 0.337791 0.410968 0.465403 0.598493 0.504734 0.507214 0.559348 0.329218 0.327608 0.536298 0.803593 0.921122 0.484106 0.466209 0.410416 0.575918 0.494743 0.100893 0.102803 0.098210 0.124061 2.844033 2.840005 0.109184 2.841802 0.123794 0.102609 2.852833 2.850194 2.868235 0.837778 0.440294 0.420478 0.392386 0.352739 0.331342 0.329069 0.350964
0.391431 0.400080 0.315432 0.744073 0.437084 0.694129 0.345109 1.246966 1.547731 1.980805 1.517257 1.254062 1.109531 1.175332 1.356617 0.590975 0.477607 0.477607 0.846249 1.190839 0.757979 0.355492 0.345426 0.339961 0.632537 0.373222 0.466623 0.411106 0.551570 0.578092 0.351698 0.589700 0.401154 0.321721 1.642419 0.915583 1.142828 1.091517 0.740247 0.534467 0.555423 0.532377 0.328021 0.516433 0.102495 0.109477 0.109560 2.843694 2.844404 0.000000 0.123974 0.102855 2.201725 0.732043 0.608037 0.384312 0.402244 0.357959 0.348736 0.334856 0.338728 0.349774 0.356960
0.436364 0.464811 0.357100 0.340740 0.469916 1.387463 1.296037 0.926451 2.110879 2.110879 0.000000 1.380738 1.300761 1.174811 1.392010 0.995324 0.592080 0.984387 0.602032 0.840687 0.468486 0.343523 0.323850 0.503641 0.372734 0.811380 0.604858 0.717171 0.460185 0.648191 0.457221 0.565519 0.633551 0.728975 0.391585 0.509763 0.506419 0.903089 0.840140 0.583247 1.351894 0.361944 0.311693 0.330748 0.094065 2.848692 0.124116 0.109985 0.109985 0.102665 0.102775 1.921769 0.919976 0.359899 0.329812 0.347215 0.423955 0.380032 0.358792 0.351119 0.379949 0.396839 0.725020
1.177896 0.974115 0.539282 0.464409 0.659349 0.575269 1.515207 1.311325 1.302400 0.000000 0.000000 1.197346 1.352494 1.226725 1.125944 0.682774 0.775053 0.955284 0.743525 0.537799 0.680321 0.369868 0.335074 0.521081 0.743705 0.788088 0.531942 0.798342 0.316417 0.672452 0.512500 0.400985 0.409764 0.746156 0.752136 0.317274 0.342979 0.377746 0.674191 0.425843 0.654777 0.358347 0.315265 0.092974 0.096368 0.000000 2.837575 0.102515 0.102540 0.103935 0.105001 0.820741 0.491788 0.357741 0.328403 0.336293 0.451955 0.458337 0.651379 0.364638 0.770302 0.770302 0.857037
1.226339 0.854995 0.596510 0.599686 0.691496 1.230530 1.742186 1.520082 1.238376 1.405239 1.387112 1.569999 1.207956 1.071323 0.900926 0.434311 0.406438 0.749086 0.451167 0.565526 0.524106 0.416259 0.517063 0.347498 0.947477 0.823416 0.502943 0.754276 0.560143 0.522724 0.764327 0.973771 0.554090 0.369845 0.459825 0.363807 0.339090 0.341559 0.348282 0.534634 0.538794 0.341489 0.090809 0.099789 0.000000 2.839065 2.823524 2.820133 0.127428 0.734389 0.929120 0.554966 0.642214 0.642214 0.508549 0.524368 0.337397 0.438028 0.532429 0.833415 0.690220 0.662032 0.651781
1.264955 0.652863 0.405134 1.214612 0.656714 0.566997 1.713560 1.630108 1.323064 0.761803 1.377190 1.377938 1.100528 0.746857 0.479587 0.435521 0.612552 0.391443 0.416441 0.612400 0.363011 0.441668 0.512924 0.388644 1.041197 0.818021 0.520644 0.694459 0.885971 0.327882 0.561421 0.918272 0.725227 0.482160 0.522031 0.415880 0.520749 0.341559 0.495659 0.486983 0.093231 0.090853 0.097287 2.851789 2.851789 0.123868 0.103208 0.111245 0.127214 0.621594 0.410533 0.445472 0.366037 0.344927 0.335537 0.317720 0.339659 0.442286 1.129686 0.951112 0.384473 0.347410 0.371136
1.205525 0.837721 0.736183 0.823444 1.711954 1.093403 1.504740 1.630108 1.283913 0.922693 0.441801 1.199871 1.291606 0.599438 0.369168 0.335401 0.334249 0.356107 0.382673 0.359651 0.331271 0.427808 0.461460 0.823941 0.748785 0.391484 0.580462 0.390382 0.924047 0.538165 0.432119 0.664433 0.739581 0.334757 0.342635 0.432905 0.432905 0.333398 0.337460 0.557513 0.556381 0.092357 0.092357 0.095080 2.832860 0.124906 0.100726 0.608037 0.629455 0.358863 0.365116 0.375328 0.330023 0.347856 0.529219 0.339049 0.580976 0.752115 0.480709 0.461125 0.685723 0.361269 0.375324
1.043628 1.218843 1.069964 1.062211 1.791983 1.185287 1.076463 1.414011 1.085179 0.998966 0.400672 0.428167 1.300642 1.057105 0.387984 0.463452 0.342116 0.313476 0.349558 0.390942 0.344466 0.390149 0.520641 0.463396 0.575205 0.355363 0.853918 0.853918 0.489504 0.611088 0.535256 0.371178 0.335728 0.370500 0.509763 0.376138 0.328170 0.331847 0.626275 2.843604 0.558621 0.339274 0.092646 0.102496 0.000000 0.654576 0.344572 0.350114 0.640864 0.369029 0.340158 0.334144 0.092352 0.092773 0.090683 0.099014 0.600161 0.652506 0.401689 0.736591 0.371416 0.690719 0.412178
1.287508 1.289139 1.218843 1.137729 0.917532 1.072531 0.461602 1.028896 0.470588 0.453963 0.374635 0.327132 0.510264 0.680716 0.587737 0.526476 0.505226 0.343652 0.321470 0.321470 0.363136 0.544629 0.336948 0.439337 0.918118 0.543490 0.325762 0.709460 0.631778 0.352282 0.416478 0.375530 0.336835 0.337413 0.338465 0.324094 0.429830 0.495659 0.627357 0.513906 0.338326 0.338847 0.097968 1.292430 0.000000 0.098447 0.100074 0.111114 0.142185 0.147250 0.121417 0.099322 0.103570 0.097545 0.093493 0.094183 0.368217 0.357825 0.358467 0.637118 0.636305 0.640157 0.412394
1.402472 1.346704 1.242326 1.122679 0.847369 0.525461 0.399895 0.423050 0.373518 0.379432 0.378781 0.378781 0.755635 0.373120 0.651039 1.482377 2.251725 0.816090 0.366670 0.414971 0.488886 0.490405 0.476778 0.491382 0.513684 0.328517 0.370146 0.610027 0.736523 0.551126 0.482259 0.433567 0.436446 0.486113 0.341223 0.331722 0.513386 1.765247 0.330692 0.331486 0.331093 0.636854 0.000000 0.000000 0.126245 0.361423 0.443794 0.558999 0.650019 0.579002 1.047137 0.440443 0.713726 0.381176 0.359528 0.094226 0.094640 0.096235 0.342011 0.582165 0.386280 0.643480 0.372734
