FB/MTT/SampleData/Outputs/Barriers_ELLIPSEDIM_A.asc
NCOLS 84
NROWS 94
XLLCORNER -2098.000000
YLLCORNER 3210.000000
CELLSIZE 30.000000
NODATA_VALUE -1
[rows 56 to 83 of 94, columns 0 to 62 of 84]
0.341280 0.333037 0.532975 0.613114 2.842834 2.841802 0.109864 0.090835 0.090856 0.110064 0.094685 0.114156 0.114156 2.950619 0.477874 0.578309 0.757287 0.651747 0.611929 0.605003 1.022061 0.610027 0.095114 0.090415 0.422606 0.436312 0.396977 0.372581 0.345061 0.335064 0.385197 1.007658 1.064513 1.067110 0.538749 1.041030 0.987609 0.474887 0.536555 0.531799 0.553712 0.576449 0.649720 0.675344 0.676145 0.786254 0.759068 0.771372 0.707833 0.599256 0.602906 0.626607 0.624967 0.682510 0.549040 0.553712 0.490619 0.108415 1.316443 0.115753 0.933906 1.288265 0.381434
0.326532 0.632662 0.592523 0.592523 0.540683 2.845046 0.124023 0.090766 0.094920 0.102850 0.094480 0.370736 0.453778 0.602108 0.777566 0.832729 0.651249 0.743400 0.384156 0.675482 0.560683 0.610230 0.354569 0.090107 0.129456 0.472201 0.415208 0.376168 0.375678 0.369333 0.752777 1.010054 0.537805 0.556755 1.122187 1.066493 0.517310 0.513803 0.624663 0.649468 0.700593 0.780226 0.834962 0.836597 0.811936 0.842632 0.843993 0.875027 0.968887 0.903378 0.809316 0.676016 0.653140 0.624099 0.549981 0.485151 1.366671 0.102310 1.305393 1.325934 0.756453 1.308499 1.267964
0.500920 2.458576 1.246750 0.592991 1.787644 1.059507 0.098008 0.090660 0.102524 0.575249 0.395366 0.533318 0.699042 0.856079 0.908567 0.806159 0.542974 0.778257 0.390380 0.724085 0.539145 0.619729 0.404712 0.094307 0.130256 0.491466 0.411008 0.387547 0.668196 0.695168 0.437979 0.517444 0.538041 1.065855 1.067110 1.122187 0.581240 0.625736 0.514055 0.579081 0.674199 0.752211 0.896210 0.893417 0.840013 0.842192 0.871718 0.902766 0.932522 0.932334 0.814171 0.574392 0.598020 0.652497 0.549113 0.441097 0.441097 0.365511 0.095232 1.303591 0.110972 0.114324 1.304328
0.614282 1.198600 1.281502 1.066693 2.834849 0.000000 0.102540 0.092489 0.110681 0.835984 0.579598 0.776710 0.854633 0.882872 0.803197 0.556395 0.567738 0.748920 0.400091 0.723660 0.458014 0.404712 0.445233 0.340039 0.112589 0.490943 0.422106 0.683181 0.709591 0.775248 0.478422 0.538262 1.065855 1.065195 1.122187 0.579362 0.581614 0.535082 0.412603 0.499364 0.580127 1.366891 1.562083 0.753456 0.891823 0.840430 0.871718 0.871718 0.901563 0.931652 0.994398 0.886093 0.680742 0.797849 0.760956 0.548513 0.808943 0.758674 0.095909 0.100649 0.114040 0.114025 1.299312
1.271676 0.473151 0.605346 0.000000 0.000000 0.000000 0.092500 0.577166 2.852426 1.150354 0.775846 1.922928 1.919645 0.751192 0.602147 0.408233 0.595923 0.657791 0.386937 0.626077 0.401398 0.403152 0.471526 0.397634 0.101564 0.128725 0.454327 0.425234 0.426178 0.445349 0.494721 0.970143 1.017545 1.067110 0.962253 0.425425 0.680828 0.637910 1.050232 1.050232 0.627020 1.494532 1.534291 1.386622 1.379944 1.184611 0.626455 0.805542 0.860792 0.239188 0.942130 0.968351 0.240784 0.848166 0.720888 0.545900 0.112903 1.299309 0.360213 0.370162 0.430236 0.115586 1.296739
0.313004 0.333089 1.784049 0.124233 0.123984 0.109958 0.095873 0.600161 0.784858 0.724178 0.854035 0.853659 0.750778 0.579141 0.435448 0.352773 0.545385 0.570464 0.371403 0.556033 0.401398 0.395669 0.520348 0.522227 0.095215 0.107116 0.491553 0.475036 0.917045 0.876217 0.459349 0.494834 0.917045 0.873118 0.832264 0.577375 0.338406 0.721454 0.413653 0.514342 0.628967 0.751706 0.237475 1.702772 1.368134 1.184611 0.143913 0.132973 0.621979 0.695747 0.798072 0.232555 0.908516 0.834125 0.777312 0.570681 1.274909 0.403107 0.108955 0.410156 0.487637 0.124162 1.282117
0.317313 0.330710 0.328424 0.094701 0.090646 0.103081 0.351191 0.397192 0.513487 0.801457 0.852947 0.801217 0.581927 0.808655 0.345398 0.330005 0.469588 0.495876 0.411049 0.496097 0.425595 0.380211 0.380211 0.416662 0.546097 0.499811 0.095273 0.118958 0.492009 0.512161 0.497666 0.497196 0.472735 0.511450 0.489393 0.623797 0.387582 0.388697 0.383695 0.473527 0.601900 0.793089 0.237390 2.073662 1.924861 1.596578 1.634342 1.318985 0.475559 0.132142 0.601194 0.781604 0.222997 1.570683 0.836519 0.681859 0.573359 0.479899 0.441591 0.466626 0.551752 2.959006 0.472393
0.322909 0.330093 0.089872 0.092357 0.098108 0.104304 0.128032 0.519485 0.672781 0.853373 0.826478 0.673332 0.430216 0.344720 0.344720 0.330192 0.316835 0.385366 0.434035 0.464685 0.472257 0.421587 0.352586 0.347839 0.454805 0.546926 0.416956 0.097712 0.471224 0.492408 0.962253 0.460034 0.441879 0.436356 0.447440 0.701904 0.583768 0.352380 0.373076 0.471384 0.625437 1.814039 1.791587 0.000000 0.000000 0.000000 2.165830 1.601787 1.323651 1.293495 1.296173 0.561533 1.391149 1.547146 0.240346 0.825831 0.735860 0.679081 0.624635 0.624685 0.690635 0.542781 0.538770
0.318737 0.097206 0.088435 0.090551 0.098027 0.112550 0.112550 3.435410 0.675509 0.826811 1.781094 0.700010 0.513592 0.368217 0.326601 0.321868 0.323116 0.348816 0.375023 0.431660 0.450880 0.403424 0.339470 0.365582 0.403360 0.496754 0.519646 0.095761 0.112261 0.491900 0.494226 0.469623 0.452043 0.430052 0.395528 0.357799 0.355382 0.361480 0.403308 0.917910 1.356610 1.860870 0.000000 0.000000 0.000000 2.331363 0.000000 0.000000 3.930282 1.357061 1.296276 1.267962 1.223590 1.429244 1.792190 0.940943 0.247696 0.876037 0.842632 0.757379 0.710583 1.343941 0.601211
0.319675 0.091814 0.108315 0.092357 0.098087 0.099021 0.126064 1.325917 0.749401 1.773773 1.643949 1.187687 0.752648 0.578110 0.337897 0.336873 0.332616 0.346883 0.629361 0.422102 0.421766 0.396771 0.372707 0.408233 0.407065 0.455347 0.571565 0.455109 0.093169 0.119080 0.490166 0.466230 0.464954 0.464954 0.419994 0.386571 0.383236 0.392051 0.683447 0.829065 1.098791 1.815999 0.000000 0.000000 0.000000 0.000000 0.000000 0.000000 0.000000 1.657326 1.379574 1.302847 1.199592 1.328243 1.567877 0.886086 0.968780 0.262075 0.262075 0.943630 0.215752 0.762163 0.693345
0.312687 0.318706 0.103435 0.110132 0.101528 0.134193 0.518053 0.605003 0.724178 1.429368 1.780899 1.464075 0.743017 0.345809 0.341105 0.337447 0.333762 0.350828 0.369013 0.388422 0.390344 0.416784 0.412898 0.408233 0.405568 0.436970 0.522974 0.522082 0.383088 0.093289 0.117417 0.101774 0.111538 0.447981 0.428817 0.424433 0.442666 0.402882 0.334850 0.096485 0.119499 0.601404 1.903901 0.000000 0.000000 0.000000 0.000000 0.000000 2.222869 1.754123 1.754123 1.487438 0.104104 1.309229 1.320163 1.377669 1.531841 1.719938 0.888675 0.231474 0.824094 0.819462 0.817077
0.510073 0.321262 0.090169 0.102497 0.124801 1.186054 0.649102 0.600796 0.556036 0.446000 1.360575 1.775346 0.555285 0.374342 0.345841 0.334230 0.347824 1.305037 1.315453 0.368202 1.324346 1.331978 0.116128 0.383632 0.426085 0.458590 0.522678 0.545678 0.477230 0.103369 0.092127 0.339674 0.093299 0.102121 0.103210 0.102962 0.101864 0.336027 0.123091 0.122605 0.110259 0.110259 0.111290 0.153252 1.708128 1.886728 1.867759 2.018343 0.000000 0.000000 1.829295 1.564885 0.128074 1.358629 1.318384 1.327165 1.388439 1.468288 0.724648 0.770105 0.729187 0.780711 0.810817
0.541408 0.098116 0.101849 0.098346 0.131245 0.698921 0.698517 0.675114 0.625575 1.210927 0.382189 0.625736 1.490166 0.495519 0.377120 0.345688 1.301510 1.312097 1.314435 1.310956 0.365676 0.111761 0.112692 0.354569 0.351340 0.385921 0.475366 0.498204 0.476950 0.458468 0.407200 0.574535 0.506114 0.506114 0.449003 0.416170 0.118266 0.129522 0.532238 0.530496 0.530808 0.552808 0.488042 0.106738 0.113283 1.611023 0.673688 0.750231 2.075571 2.274083 2.022433 1.674492 1.485651 1.405853 1.340709 1.318961 1.315050 1.342534 0.553214 0.631415 1.235985 1.176001 1.177082
0.096862 2.847016 0.102504 0.096436 0.150354 0.775381 0.775131 0.651440 1.364239 1.069481 0.549040 0.368068 0.603524 1.357540 0.477067 0.367227 1.325324 1.301527 1.293019 0.333434 0.350618 0.353020 0.347932 0.331606 0.324977 0.324977 0.324655 0.357921 0.430934 0.457347 0.504251 0.599729 0.703182 0.836196 0.729338 0.675474 0.624072 0.575982 0.600472 0.735852 0.675040 0.784469 0.750357 0.550423 0.106452 0.119166 0.165928 1.724556 1.736495 2.121759 0.000000 1.881203 1.600118 1.447766 1.381527 1.351439 1.329383 1.317991 1.325850 0.479672 1.158207 1.135573 0.182181
0.092657 0.098597 0.094086 0.107191 0.554457 0.749462 0.749486 0.651479 0.968313 0.809186 0.965066 0.420152 0.407406 0.581397 0.555836 0.424267 0.412603 0.392148 0.791887 0.333491 0.331567 0.339558 0.339643 0.339631 0.334188 0.324919 0.322043 0.332245 0.383437 0.461549 0.528944 0.575882 0.701482 0.754494 0.783484 0.702700 0.729729 0.600283 0.944591 0.969295 0.862380 0.891854 0.833162 0.734734 0.599322 0.108132 0.106511 0.673527 1.785985 2.031168 0.000000 1.817644 1.605317 1.441685 1.396806 1.376812 1.376812 1.344516 1.308740 1.297602 1.224669 1.279514 1.541294
0.109238 0.819853 0.111967 0.450567 0.599991 0.698910 0.698339 0.673414 0.673414 0.626078 0.780565 0.649262 0.458559 0.488804 0.473801 0.455936 0.434702 0.964849 0.871746 0.766885 0.337239 0.334627 0.326737 0.326624 0.326752 0.330096 0.331297 0.333398 0.382429 0.465221 0.529525 0.624148 0.675508 0.812288 0.865299 0.785264 0.756615 0.781626 1.100059 1.044240 1.036415 0.968950 0.844977 0.885315 0.853804 0.524924 0.117419 0.158998 0.854197 0.992951 2.034218 1.812978 1.585384 1.518443 1.420397 1.378833 0.120210 0.122103 1.309238 1.298553 1.290390 1.297931 0.577445
0.527078 0.522778 0.523052 0.464413 0.553660 0.673603 0.698517 0.697942 0.672697 0.626022 0.420020 0.356611 0.380315 0.489681 0.509057 0.489706 0.434068 0.438976 0.415986 0.401891 1.331416 0.099681 0.335312 0.322647 0.352978 0.343012 0.338225 0.339083 0.391908 0.474393 0.576313 0.576710 0.649054 0.843315 0.836946 0.993156 0.973373 1.087935 1.109937 1.102171 1.090481 1.058793 0.986613 1.019819 0.995278 0.799092 0.683163 0.111177 0.229556 1.013141 1.977227 1.748760 1.674492 1.873736 1.539334 1.375204 0.115958 1.344079 1.309182 1.296606 1.301634 1.297966 1.283620
0.410370 0.477482 0.476529 0.507614 0.725268 0.829117 0.776938 0.750083 0.698580 0.602444 0.423069 0.380470 0.360109 0.437148 0.418777 0.984390 0.348736 1.330086 0.108939 1.337793 1.328437 1.311230 0.101559 0.344964 0.361211 0.346967 0.332620 0.345581 0.410752 0.472871 0.534185 0.429816 0.479648 0.557124 0.650111 0.895332 0.994464 1.109555 1.014491 0.969250 0.944056 0.943426 0.969006 1.042816 1.061569 1.047475 3.239074 0.501933 0.146739 0.888024 2.276703 0.000000 0.000000 0.000000 2.386135 1.912423 1.490912 1.384086 1.354398 1.317632 1.316916 1.292864 1.301679
0.434308 0.572477 0.547975 0.600379 0.854984 0.883299 0.752069 0.699172 0.673630 1.463358 1.314947 0.106850 0.345823 0.383892 0.345047 0.348957 0.334022 0.373812 0.117465 0.113090 1.308246 1.306445 0.102346 0.357045 0.340870 0.329831 0.332444 0.351505 0.430732 0.442198 0.422585 0.420759 0.419079 0.496142 0.536758 0.602592 1.934200 0.992261 1.516870 0.145838 0.582505 0.618457 0.690373 0.854163 0.854163 0.280982 1.070242 1.112918 0.857709 0.445964 0.128826 0.200353 2.157810 0.252187 2.554406 2.443947 1.852955 1.508811 1.396821 0.114509 0.111579 1.301527 1.299779
0.489863 0.969190 0.524228 0.624673 0.879849 0.802915 0.625555 0.556674 0.579823 0.122166 1.296919 0.100638 0.343665 0.361104 0.340963 0.330086 0.719382 0.789472 2.961702 0.127298 0.115088 0.097034 0.340158 0.342742 0.342304 0.334186 0.331894 0.343638 0.380171 0.423955 0.419858 0.433170 0.450882 0.514055 0.600906 0.600906 0.602498 1.770721 1.924323 1.564885 1.330740 0.435834 0.469455 0.512021 1.397054 0.815337 0.875459 1.070610 0.979226 0.762036 0.599038 0.371599 0.139439 0.120001 0.919146 2.436160 2.167490 1.723137 1.518576 1.404043 1.375903 1.318939 1.296995
0.456778 0.414084 0.438875 0.699420 1.918021 0.627654 0.435035 0.419858 0.459302 0.116531 1.301543 0.103074 1.305227 0.373900 0.354351 0.328696 0.812500 0.852588 2.953515 0.120053 0.110464 0.329910 0.331538 0.328862 0.342880 0.334463 0.338402 0.338402 0.354569 0.345624 0.363538 0.375576 0.419517 0.452993 0.511538 0.624671 0.650066 1.832300 1.919526 0.828397 1.500218 1.330563 1.312097 0.454913 0.483089 0.635792 0.817817 1.019745 0.979226 0.819241 0.861094 0.802912 0.506114 0.136306 0.532693 0.829820 0.855344 1.876413 1.673142 1.485651 1.375903 1.378724 1.314382
0.476803 0.499991 0.441275 0.699015 0.674219 0.415399 0.339196 0.366787 0.384383 1.330813 0.112528 1.297446 0.787799 0.884712 0.399550 0.382262 0.379765 0.384790 0.384790 0.382677 0.114482 0.110423 0.750495 0.750657 0.341137 0.344252 0.330747 0.335713 0.352324 0.353078 0.334663 0.337560 0.388652 0.417621 0.471984 0.577380 0.624667 0.650136 1.783695 1.919526 1.742617 0.589397 1.330690 1.318794 0.464105 0.154501 0.765308 0.993598 1.951453 0.679929 0.624755 0.772468 0.769127 0.127384 0.488750 0.672262 0.723868 0.200471 1.759712 1.571425 1.436324 1.510204 1.344716
0.582036 0.624964 0.599160 0.555857 0.496097 0.574949 0.345589 0.359442 0.353393 1.330086 1.330086 1.318544 0.767878 0.773718 0.822902 0.371605 0.321128 0.322356 0.091030 0.105337 0.103689 0.340822 0.339580 0.337612 0.344832 0.326174 0.322746 0.335052 0.363628 0.361824 0.337720 0.324764 0.354389 0.406100 0.434583 0.510184 0.600671 0.601714 0.650111 0.727124 1.876413 1.709419 1.435632 1.329692 1.354489 1.411729 1.414964 0.241539 1.809452 0.594579 0.446748 0.419632 0.475366 0.109123 0.487536 0.554375 0.599999 0.179316 0.179457 1.613169 1.619232 1.783695 1.576873
0.675662 0.624964 0.462812 0.573131 0.469818 0.430639 0.578468 0.359432 0.359247 0.334552 0.828896 0.355942 0.338525 0.329752 0.768173 0.330100 0.326777 0.321916 0.325995 0.334929 0.342879 0.325446 0.731404 0.764395 0.771830 0.339616 0.328145 0.342187 0.347438 0.338839 0.335064 0.322888 0.342509 0.389934 0.406608 0.440294 0.531341 0.554398 0.600723 0.699972 1.836159 1.834920 1.637127 1.417763 1.374826 1.416694 0.522940 0.777373 1.739702 1.215117 0.104928 0.344822 0.095485 0.113595 0.468883 0.490530 0.511714 0.141094 0.139493 0.151304 1.686016 0.726575 1.891739
1.990161 0.604695 0.331200 0.359341 1.360875 1.397938 0.123254 0.380166 0.334312 0.725643 0.348466 0.355658 0.328281 0.332765 0.340070 0.332087 0.326085 0.321509 0.326031 0.337656 0.347995 0.337656 0.331239 0.343773 0.353323 0.348818 0.358098 0.358079 0.341041 0.319454 0.318608 0.332551 0.343847 0.380317 0.396807 0.410165 0.450375 0.510002 0.576575 0.648961 0.651393 1.755302 1.797299 1.611787 1.469794 1.415004 1.354489 0.189867 1.817889 1.159175 0.104272 0.096177 0.087698 0.115323 0.115323 0.114887 0.434816 0.473940 0.126082 0.111313 0.399969 0.490451 0.724393
0.775442 0.903927 1.301336 2.907267 1.317405 1.344541 0.119296 0.109858 0.334405 0.333398 0.763537 0.750244 0.326466 0.325045 0.754402 0.329083 0.323102 0.730896 0.335830 0.360744 0.838437 0.786071 0.764384 0.783627 0.781036 0.349002 0.365116 0.354672 0.345699 0.325535 0.322136 0.343453 0.337509 0.351765 0.380208 0.396977 0.406695 0.452597 0.555739 0.625991 0.602523 1.685495 1.760708 1.760708 1.651628 1.497721 1.654332 1.375903 1.224055 1.937380 0.775216 0.521295 0.108324 0.347010 0.102822 0.387732 0.120159 0.422175 0.111177 0.100650 0.354225 1.437621 1.939852
1.497144 0.894887 1.330690 0.109911 1.307986 1.315469 0.108875 0.105022 0.337456 0.337167 0.731897 0.322732 0.322928 0.733844 0.802126 0.334941 0.356077 0.376777 0.415798 0.458253 0.470377 0.432700 0.413882 0.382918 0.328854 0.331222 0.364696 0.354389 0.353469 0.336027 0.331734 0.361138 0.345553 0.352606 0.404254 0.402162 0.380327 0.380327 0.426165 0.555905 0.173162 0.599947 0.601061 0.627701 0.193627 1.803291 0.834212 0.144785 1.277853 1.961256 0.930385 0.744224 0.547412 0.500365 0.098126 0.111410 0.419650 0.407369 0.358113 0.334936 0.096656 3.362007 0.000000
0.624713 0.463181 1.344759 1.318680 1.318199 1.317071 0.108952 0.105022 0.334703 0.330760 0.330099 0.332655 0.339196 0.350325 0.786530 0.348260 0.405024 0.433786 0.471695 0.510937 0.489513 0.468376 0.430631 0.364806 0.329415 0.744139 0.365201 0.368403 0.380325 0.380325 0.353312 0.375556 0.394799 0.390670 0.398985 0.452597 0.440148 0.399690 0.453922 0.534431 0.555978 0.578117 0.578046 0.579680 1.682646 0.833414 0.879368 1.770721 1.328199 1.715239 1.020072 0.893618 0.740905 0.711087 0.458246 0.098951 0.119104 0.115361 0.100663 0.334835 1.301527 1.809177 0.000000
