FB/MTT/SampleData/Outputs/NoBarriers_FliMap.asc
ncols 84
nrows 94
xllcorner -2098.000000
yllcorner 3210.000000
cellsize 30.000000
NODATA_VALUE -9999
[rows 24 to 47 of 94, columns 0 to 53 of 84]
-9999.000000 -9999.000000 -9999.000000 -9999.000000 -9999.000000 -9999.000000 -9999.000000 -9999.000000 -9999.000000 -9999.000000 -9999.000000 -9999.000000 -9999.000000 -9999.000000 -9999.000000 -9999.000000 -9999.000000 -9999.000000 -9999.000000 -9999.000000 -9999.000000 -9999.000000 -9999.000000 -9999.000000 -9999.000000 -9999.000000 -9999.000000 -9999.000000 -9999.000000 -9999.000000 -9999.000000 -9999.000000 -9999.000000 -9999.000000 -9999.000000 -9999.000000 -9999.000000 -9999.000000 -9999.000000 -9999.000000 -9999.000000 -9999.000000 -9999.000000 -9999.000000 -9999.000000 -9999.000000 -9999.000000 -9999.000000 -9999.000000 -9999.000000 -9999.000000 -9999.000000 -9999.000000 -9999.000000
-9999.000000 -9999.000000 -9999.000000 -9999.000000 -9999.000000 -9999.000000 -9999.000000 -9999.000000 -9999.000000 -9999.000000 -9999.000000 -9999.000000 -9999.000000 -9999.000000 -9999.000000 -9999.000000 -9999.000000 -9999.000000 -9999.000000 -9999.000000 -9999.000000 -9999.000000 -9999.000000 -9999.000000 58.521549 97.694695 64.495956 73.280258 77.089844 72.115128 -9999.000000 -9999.000000 -9999.000000 -9999.000000 -9999.000000 -9999.000000 -9999.000000 -9999.000000 -9999.000000 -9999.000000 -9999.000000 -9999.000000 -9999.000000 -9999.000000 -9999.000000 -9999.000000 -9999.000000 -9999.000000 -9999.000000 -9999.000000 -9999.000000 -9999.000000 -9999.000000 -9999.000000
-9999.000000 -9999.000000 -9999.000000 -9999.000000 -9999.000000 -9999.000000 -9999.000000 -9999.000000 -9999.000000 -9999.000000 -9999.000000 -9999.000000 -9999.000000 159.152222 228.658188 270.378448 138.046707 157.011597 95.711136 -9999.000000 -9999.000000 -9999.000000 -9999.000000 66.156937 45.926952 46.669910 90.741486 67.088432 75.392227 126.382828 65.668213 58.642929 -9999.000000 -9999.000000 -9999.000000 -9999.000000 -9999.000000 -9999.000000 -9999.000000 -9999.000000 -9999.000000 -9999.000000 -9999.000000 -9999.000000 -9999.000000 -9999.000000 -9999.000000 -9999.000000 -9999.000000 -9999.000000 -9999.000000 -9999.000000 -9999.000000 -9999.000000
-9999.000000 -9999.000000 -9999.000000 -9999.000000 -9999.000000 -9999.000000 -9999.000000 -9999.000000 -9999.000000 -9999.000000 -9999.000000 -9999.000000 -9999.000000 153.233917 211.513550 141.430649 67.090080 92.483620 105.424667 44.336712 33.462467 39.518215 46.983025 85.230797 80.144569 78.426781 89.578056 60.147644 72.300491 76.383774 64.475578 57.862823 -9999.000000 -9999.000000 -9999.000000 -9999.000000 -9999.000000 -9999.000000 -9999.000000 -9999.000000 -9999.000000 -9999.000000 -9999.000000 -9999.000000 -9999.000000 -9999.000000 -9999.000000 -9999.000000 -9999.000000 -9999.000000 -9999.000000 -9999.000000 -9999.000000 -9999.000000
-9999.000000 -9999.000000 -9999.000000 -9999.000000 -9999.000000 -9999.000000 -9999.000000 -9999.000000 -9999.000000 -9999.000000 -9999.000000 -9999.000000 -9999.000000 147.315628 154.117416 88.948029 160.338409 97.032684 72.769592 46.842705 31.766514 56.854820 38.709236 54.202126 105.492279 104.890450 60.183853 57.099674 68.778061 64.717094 55.324699 61.774227 68.375961 -9999.000000 -9999.000000 -9999.000000 -9999.000000 -9999.000000 -9999.000000 -9999.000000 -9999.000000 -9999.000000 -9999.000000 -9999.000000 -9999.000000 -9999.000000 -9999.000000 -9999.000000 -9999.000000 -9999.000000 -9999.000000 -9999.000000 -9999.000000 -9999.000000
-9999.000000 -9999.000000 -9999.000000 -9999.000000 -9999.000000 -9999.000000 -9999.000000 -9999.000000 -9999.000000 -9999.000000 -9999.000000 -9999.000000 -9999.000000 147.315613 109.687042 99.549385 72.018944 80.717079 69.517967 77.709671 57.856777 52.287441 49.088245 65.545609 50.939034 55.406677 53.933361 51.220695 56.288376 83.915894 44.022461 57.148132 67.054779 -9999.000000 -9999.000000 -9999.000000 -9999.000000 -9999.000000 -9999.000000 -9999.000000 -9999.000000 -9999.000000 19.211641 20.954702 78.052330 111.745125 72.145172 77.352211 -9999.000000 -9999.000000 -9999.000000 -9999.000000 -9999.000000 -9999.000000
-9999.000000 -9999.000000 -9999.000000 -9999.000000 -9999.000000 -9999.000000 -9999.000000 -9999.000000 -9999.000000 -9999.000000 -9999.000000 -9999.000000 -9999.000000 -9999.000000 100.076904 56.136837 57.221798 58.162003 48.072456 83.104683 93.686920 82.264671 59.127800 45.561882 50.972466 61.383682 42.537781 43.425274 72.905724 76.132584 67.125923 32.200676 54.483212 66.689972 71.372253 82.147858 95.347984 88.060867 -9999.000000 -9999.000000 -9999.000000 40.150631 31.564747 44.965305 83.275703 67.110550 81.350121 140.303772 -9999.000000 -9999.000000 -9999.000000 -9999.000000 -9999.000000 -9999.000000
-9999.000000 -9999.000000 -9999.000000 -9999.000000 -9999.000000 -9999.000000 -9999.000000 -9999.000000 -9999.000000 -9999.000000 -9999.000000 -9999.000000 -9999.000000 -9999.000000 59.198280 56.353401 103.365929 57.612190 45.395164 50.297363 69.873573 70.590347 75.953278 53.862724 49.858883 56.844604 63.353428 62.171551 53.841293 57.778191 17.985844 50.353085 82.237038 82.239777 87.262535 104.261818 143.010773 170.973114 -9999.000000 105.674057 82.195457 39.252605 49.762394 43.196609 89.795296 76.428673 109.138672 214.356400 139.634552 228.324188 -9999.000000 -9999.000000 -9999.000000 -9999.000000
-9999.000000 -9999.000000 -9999.000000 -9999.000000 -9999.000000 -9999.000000 -9999.000000 -9999.000000 -9999.000000 -9999.000000 -9999.000000 -9999.000000 -9999.000000 -9999.000000 53.726906 59.382298 57.963974 50.688492 51.788002 47.027164 56.246170 33.157902 41.299004 63.563492 63.844666 57.244370 55.423889 58.795990 11.174663 8.275643 10.999924 -9999.000000 -9999.000000 -9999.000000 75.235199 142.849091 -9999.000000 -9999.000000 204.937729 168.870438 162.090240 108.044685 71.683144 84.928764 103.306923 139.295868 107.568901 113.330582 198.053543 228.324188 -9999.000000 -9999.000000 -9999.000000 -9999.000000
-9999.000000 -9999.000000 -9999.000000 -9999.000000 -9999.000000 -9999.000000 -9999.000000 -9999.000000 -9999.000000 -9999.000000 -9999.000000 -9999.000000 -9999.000000 -9999.000000 80.556801 101.817513 60.747463 49.596684 47.792683 46.647438 43.210281 37.761635 29.746357 35.398663 40.660645 54.690334 40.865852 37.117519 7.820117 11.213901 -9999.000000 -9999.000000 84.929558 86.085915 95.804329 123.549881 223.266556 239.852844 584.305847 408.624908 223.415817 101.770805 51.848225 64.709801 117.753937 124.381859 126.879951 125.565964 127.954430 -9999.000000 -9999.000000 -9999.000000 -9999.000000 -9999.000000
-9999.000000 -9999.000000 -9999.000000 -9999.000000 -9999.000000 -9999.000000 -9999.000000 -9999.000000 -9999.000000 -9999.000000 -9999.000000 -9999.000000 -9999.000000 125.734367 58.255497 47.377129 54.473953 52.306767 44.733662 40.131371 34.505428 28.170553 45.096054 54.225983 57.216610 54.340103 9.382020 20.420763 38.506660 -9999.000000 106.750488 85.585648 83.078735 62.834373 50.553444 54.959507 332.835968 271.621002 281.281158 52.477451 54.344055 51.393650 49.947376 91.700508 95.818108 91.278336 93.131905 98.923172 -9999.000000 -9999.000000 -9999.000000 -9999.000000 -9999.000000 -9999.000000
-9999.000000 -9999.000000 -9999.000000 -9999.000000 -9999.000000 -9999.000000 -9999.000000 -9999.000000 -9999.000000 -9999.000000 -9999.000000 -9999.000000 -9999.000000 91.981659 88.714439 61.333164 49.574284 65.443222 66.535164 47.738556 27.096329 37.702339 43.748726 31.615059 34.347206 37.163139 26.546627 51.807453 88.075661 -9999.000000 -9999.000000 -9999.000000 -9999.000000 -9999.000000 13.125819 9.625194 33.681553 59.733955 70.233284 36.699947 41.400734 45.259804 39.572590 34.051762 61.775169 66.163376 73.024239 78.878227 -9999.000000 -9999.000000 -9999.000000 -9999.000000 -9999.000000 -9999.000000
-9999.000000 -9999.000000 -9999.000000 -9999.000000 -9999.000000 -9999.000000 -9999.000000 -9999.000000 -9999.000000 -9999.000000 -9999.000000 -9999.000000 -9999.000000 72.577599 43.361912 69.007599 78.153160 100.381828 98.414513 61.576992 46.495586 43.002426 43.420143 41.841511 21.226282 58.768318 56.022915 82.694633 84.501190 -9999.000000 -9999.000000 -9999.000000 -9999.000000 116.310318 99.010902 12.503069 7.500869 47.664780 67.222206 57.119133 55.238968 36.322788 54.498543 43.948139 50.144371 58.798515 63.302139 65.689972 -9999.000000 -9999.000000 -9999.000000 -9999.000000 -9999.000000 -9999.000000
-9999.000000 -9999.000000 -9999.000000 -9999.000000 -9999.000000 -9999.000000 -9999.000000 -9999.000000 -9999.000000 -9999.000000 -9999.000000 -9999.000000 -9999.000000 65.911751 36.668587 69.756203 123.562729 132.362259 94.486771 78.957794 58.208134 35.250813 54.130596 30.264759 7.774966 39.655304 130.266632 -9999.000000 129.764359 81.406517 78.399582 -9999.000000 100.198380 123.570755 99.065636 62.221344 11.193858 10.026572 66.095497 77.441284 78.173302 72.504326 58.684868 47.101685 45.843845 52.750221 60.532284 68.664680 49.242401 57.281391 64.170647 74.712830 83.484566 -9999.000000
-9999.000000 -9999.000000 -9999.000000 -9999.000000 -9999.000000 -9999.000000 -9999.000000 -9999.000000 -9999.000000 -9999.000000 -9999.000000 105.618607 105.618591 79.457344 51.538433 79.094368 110.646606 118.450882 130.569153 61.247265 110.287537 84.852615 58.291821 47.782860 14.018631 39.288746 -9999.000000 108.206680 -9999.000000 -9999.000000 -9999.000000 47.855778 121.066765 170.450989 93.432251 43.607254 15.937533 15.884263 58.777142 55.377541 90.009834 102.383415 74.098534 54.619392 45.846027 50.062336 55.650566 41.112999 54.211967 67.970566 76.338417 97.572800 115.440765 109.862343
-9999.000000 -9999.000000 -9999.000000 -9999.000000 -9999.000000 -9999.000000 -9999.000000 -9999.000000 -9999.000000 -9999.000000 72.969421 75.917542 121.944458 141.427429 83.943436 62.351913 55.406578 64.049644 57.358246 69.861687 95.527367 75.703575 63.394363 33.237583 9.975765 -9999.000000 63.946850 -9999.000000 102.414421 -9999.000000 0.000000 0.000000 48.654354 159.684158 136.736649 88.096863 36.966709 45.191315 19.246778 12.827384 76.412521 102.703537 82.411194 64.133614 52.427071 68.078407 84.869926 88.711388 70.027443 106.386070 117.224480 192.223343 111.838051 97.892914
-9999.000000 -9999.000000 -9999.000000 -9999.000000 -9999.000000 -9999.000000 -9999.000000 -9999.000000 -9999.000000 -9999.000000 69.938873 87.499107 123.969917 221.671417 59.075676 66.680122 40.444168 36.049755 66.312019 158.064789 130.041382 92.179573 131.144653 97.161392 44.061222 -9999.000000 -9999.000000 115.935028 113.576569 -9999.000000 -9999.000000 40.161449 97.503922 143.490067 94.321678 112.123352 60.035347 71.783752 58.965385 21.785633 64.548103 77.025581 74.932693 70.678558 63.351414 57.537807 79.754211 73.665703 86.641205 144.146011 151.613419 98.636772 85.386932 155.357819
-9999.000000 -9999.000000 -9999.000000 -9999.000000 -9999.000000 -9999.000000 -9999.000000 -9999.000000 -9999.000000 -9999.000000 71.550514 101.317436 161.799088 146.425873 97.434097 68.581108 62.946198 15.517200 53.031773 88.572182 94.052742 111.995956 -9999.000000 165.992172 -9999.000000 75.172623 61.264015 83.795853 96.904716 58.745506 93.782791 125.726837 137.070023 92.177643 159.024918 111.068733 67.448593 47.273907 103.282486 24.586189 14.628669 12.819043 59.757603 68.503853 71.150757 94.322021 80.466148 82.627861 89.730843 138.146622 142.033264 158.987915 85.413116 91.758530
-9999.000000 -9999.000000 -9999.000000 -9999.000000 -9999.000000 -9999.000000 -9999.000000 -9999.000000 -9999.000000 -9999.000000 66.657043 92.293053 126.197479 122.717789 60.944401 74.344048 22.693764 13.734611 39.219067 59.643303 100.679581 122.574242 165.210037 -9999.000000 -9999.000000 32.401264 38.698467 101.483948 -9999.000000 25.286812 74.374123 113.839409 132.867569 98.378548 102.226547 113.791695 75.598907 74.526047 79.873932 54.671616 18.281425 10.943433 14.916857 16.566784 65.728577 19.379364 93.641632 71.423103 120.596245 90.582855 99.124168 91.011589 89.626686 83.314133
-9999.000000 -9999.000000 -9999.000000 -9999.000000 -9999.000000 -9999.000000 -9999.000000 -9999.000000 -9999.000000 -9999.000000 57.121372 -9999.000000 -9999.000000 98.826103 100.303589 82.515739 58.222652 103.859032 4.331698 29.732927 67.902824 127.562508 1087.508911 218.278320 182.278976 63.021366 25.083765 53.090755 36.986366 50.123108 96.679092 87.404106 101.069817 103.906128 151.125305 112.464996 87.090675 69.672653 58.636494 76.749413 76.354485 57.132236 59.800846 16.131187 15.422826 14.179532 15.172639 74.439407 79.994514 56.776230 77.094734 89.395241 92.859673 -9999.000000
-9999.000000 -9999.000000 -9999.000000 -9999.000000 -9999.000000 -9999.000000 -9999.000000 -9999.000000 -9999.000000 -9999.000000 -9999.000000 -9999.000000 -9999.000000 -9999.000000 71.685478 119.508202 141.375473 156.176651 -9999.000000 7.505042 29.148235 55.828480 -9999.000000 340.112579 272.257690 257.011536 35.743607 36.889202 55.829418 66.122147 112.253296 103.661652 117.360428 167.485474 133.613602 87.631416 121.187302 77.438980 61.214417 59.662197 68.737083 69.502159 68.072975 70.177338 75.182716 79.930748 17.662157 14.209915 17.669174 25.071157 138.097061 166.653488 101.458450 -9999.000000
-9999.000000 -9999.000000 -9999.000000 -9999.000000 -9999.000000 -9999.000000 -9999.000000 -9999.000000 -9999.000000 -9999.000000 -9999.000000 -9999.000000 -9999.000000 77.399788 50.552078 107.199623 185.335617 186.326813 -9999.000000 10.475019 40.105225 26.685356 38.014462 89.556671 101.330818 82.538795 50.657646 42.927212 69.029633 60.383175 130.996826 94.599121 158.640579 133.385895 132.061295 160.811111 131.612518 80.305489 63.578175 58.043461 62.928581 72.787254 77.509285 78.529472 65.876511 83.070213 96.271385 75.204330 119.614639 38.594238 42.225689 -9999.000000 -9999.000000 -9999.000000
-9999.000000 -9999.000000 -9999.000000 -9999.000000 -9999.000000 -9999.000000 -9999.000000 -9999.000000 -9999.000000 -9999.000000 -9999.000000 -9999.000000 -9999.000000 -9999.000000 83.790787 106.058861 165.900360 337.421112 -9999.000000 11.577048 49.012070 60.951794 82.077522 101.763229 91.830765 71.689499 43.267555 69.279854 71.343842 99.765511 133.623138 92.940826 154.402985 138.309311 129.188263 125.571007 110.188332 88.561417 70.053116 60.211212 67.653069 73.794228 77.304260 84.704430 78.571449 187.545654 138.917999 96.605820 73.300529 89.265366 45.508121 -9999.000000 -9999.000000 -9999.000000
-9999.000000 -9999.000000 -9999.000000 -9999.000000 -9999.000000 -9999.000000 -9999.000000 -9999.000000 -9999.000000 -9999.000000 -9999.000000 -9999.000000 -9999.000000 -9999.000000 -9999.000000 141.921478 156.836823 306.533081 -9999.000000 12.218863 47.000381 55.283852 75.313583 93.793312 49.275532 61.200489 96.183746 66.033188 55.766861 80.381691 86.559433 133.970490 110.279198 166.891891 123.479576 117.306541 69.286674 102.618126 83.560646 72.923187 51.684803 85.586197 66.343315 75.810165 113.248192 101.898270 44.183304 285.114014 91.361511 104.757111 51.400642 128.788315 16.429638 -9999.000000
