FB/MTT/SampleData/Outputs/NoBarriers_SPREADRATE.asc
NCOLS 84
NROWS 94
XLLCORNER -2098.000000
YLLCORNER 3210.000000
CELLSIZE 30.000000
NODATA_VALUE -1
[rows 56 to 83 of 94, columns 0 to 62 of 84]
0.311098 0.302073 0.476838 0.536828 2.129844 2.127664 0.091508 0.079246 0.078538 0.088667 0.077218 0.086776 0.086776 1.921235 0.283577 0.296082 0.317977 0.369510 0.408613 0.427927 0.691445 0.402355 0.067439 0.074777 0.330930 0.326566 0.295115 0.284006 0.267696 0.240052 0.245591 0.586628 0.616757 0.630057 0.317132 0.635950 0.600959 0.286050 0.290200 0.286218 0.288681 0.291013 0.302669 0.305982 0.307338 0.327269 0.327622 0.383382 0.357580 0.310940 0.295914 0.297645 0.328684 0.427385 0.302314 0.288681 0.281165 0.071781 0.845814 0.083637 0.713773 0.800353 0.255586
0.255841 0.547329 0.525749 0.525749 0.488036 2.110123 0.099638 0.079107 0.080895 0.084219 0.076148 0.265918 0.280275 0.313008 0.334714 0.324548 0.327335 0.515103 0.251827 0.431702 0.354860 0.406719 0.264066 0.073431 0.102020 0.345328 0.291760 0.269125 0.266690 0.250272 0.470666 0.595028 0.301614 0.306293 0.646117 0.626604 0.298179 0.292038 0.306046 0.306370 0.312395 0.317946 0.318421 0.317971 0.321713 0.331919 0.337413 0.352044 0.396479 0.351399 0.317262 0.304833 0.367846 0.390006 0.297032 0.270634 0.805977 0.069389 0.855787 0.863175 0.516992 0.797761 0.749512
0.450422 2.049253 0.981327 0.526633 1.454230 0.798651 0.082908 0.078091 0.084887 0.446794 0.274081 0.305561 0.333519 0.343217 0.340617 0.322592 0.366337 0.644544 0.248470 0.421359 0.327586 0.420472 0.324687 0.071606 0.101657 0.382422 0.304266 0.271952 0.465482 0.466901 0.269689 0.299671 0.304702 0.623236 0.630057 0.646117 0.309723 0.311552 0.294662 0.309755 0.321806 0.323887 0.372230 0.365965 0.323802 0.330306 0.336475 0.348662 0.356636 0.354610 0.328923 0.300660 0.387954 0.365780 0.307369 0.263441 0.263441 0.240733 0.068142 0.856266 0.076210 0.078146 0.828795
0.599782 0.977958 0.985896 0.823284 2.068172 0.000000 0.085324 0.078926 0.088618 0.574036 0.328536 0.354774 0.348966 0.350418 0.345501 0.285478 0.461163 0.635363 0.248616 0.432244 0.295032 0.291712 0.348987 0.237003 0.090461 0.428506 0.355238 0.527553 0.500004 0.504855 0.287259 0.307995 0.623236 0.619954 0.646117 0.318371 0.318393 0.301169 0.385981 0.417713 0.400550 0.770256 0.745042 0.314976 0.366775 0.324983 0.336475 0.336475 0.343554 0.351630 0.387998 0.404148 0.370223 0.414983 0.426940 0.337277 0.562169 0.563350 0.068602 0.070042 0.076411 0.077415 0.845449
1.002770 0.440814 0.519609 0.000000 0.000000 0.000000 0.079432 0.472815 1.990946 0.705887 0.378736 0.884153 0.859299 0.341504 0.314622 0.250999 0.511124 0.542475 0.248073 0.417376 0.285966 0.296735 0.353362 0.265244 0.081104 0.120563 0.428772 0.365571 0.320360 0.294522 0.298192 0.648971 0.635362 0.630057 0.591288 0.294710 0.564049 0.574742 1.292642 1.292642 0.730728 1.525030 1.281609 0.922860 0.726916 0.714461 0.296747 0.373376 0.379543 0.098393 0.399176 0.431340 0.119372 0.481345 0.482681 0.391460 0.077439 0.814525 0.239458 0.243676 0.263130 0.075213 0.815172
0.342271 0.294771 1.431936 0.098617 0.099190 0.090775 0.081472 0.479364 0.562118 0.403554 0.421787 0.396529 0.354371 0.311356 0.270406 0.244292 0.478529 0.452024 0.245169 0.386404 0.285966 0.262960 0.342261 0.332471 0.067232 0.093374 0.490101 0.459319 0.805589 0.697878 0.332973 0.459974 0.805589 0.738883 0.665666 0.478559 0.335900 0.853990 0.493562 0.586070 0.686502 0.853505 0.259089 1.693319 1.111147 0.714461 0.097891 0.077939 0.342865 0.359081 0.396147 0.119074 0.475490 0.545050 0.574247 0.411975 0.749342 0.254577 0.070731 0.251854 0.273947 0.075673 0.783778
0.297047 0.296755 0.292320 0.082113 0.080151 0.087332 0.299521 0.309910 0.340675 0.427801 0.441110 0.416333 0.328593 0.527582 0.252808 0.251089 0.395485 0.357189 0.251011 0.330931 0.297791 0.244425 0.244425 0.269057 0.341205 0.323013 0.070558 0.104978 0.472858 0.499260 0.476079 0.488689 0.510550 0.598554 0.598149 0.773978 0.540940 0.502779 0.373469 0.494472 0.659588 0.891997 0.291761 2.591806 2.136322 1.402060 1.332103 0.901158 0.327903 0.077095 0.346120 0.444147 0.131801 0.884102 0.555548 0.409535 0.323021 0.285308 0.262531 0.266505 0.285168 1.630100 0.322031
0.298705 0.302128 0.080380 0.080879 0.083520 0.087442 0.100284 0.358110 0.395264 0.410099 0.428899 0.415277 0.299920 0.268627 0.268627 0.273166 0.244967 0.293290 0.280183 0.265203 0.285215 0.287285 0.244799 0.237637 0.292422 0.346582 0.269723 0.077622 0.426210 0.456169 0.889264 0.448624 0.442972 0.465248 0.568240 0.939591 0.609313 0.337005 0.380702 0.572588 0.820873 1.842384 2.184575 0.000000 0.000000 0.000000 2.726697 1.481961 0.960841 0.899890 0.847875 0.366922 0.743230 0.811740 0.129624 0.406758 0.360875 0.338474 0.305435 0.298173 0.359341 0.332733 0.377479
0.305196 0.084298 0.079567 0.079843 0.082690 0.090149 0.090149 2.172428 0.396642 0.465327 0.981469 0.391741 0.351279 0.288007 0.268813 0.268591 0.245853 0.248029 0.243377 0.256339 0.265778 0.261946 0.244553 0.240667 0.254776 0.312799 0.330870 0.068522 0.096469 0.477120 0.480846 0.528242 0.516260 0.510670 0.477126 0.393865 0.350568 0.335041 0.543173 1.178698 1.824817 1.932215 0.000000 0.000000 0.000000 3.073956 0.000000 0.000000 4.660990 1.122953 0.933741 0.860707 0.669130 0.698061 0.764603 0.416332 0.105232 0.356019 0.331919 0.319881 0.378184 0.684360 0.419035
0.335299 0.076738 0.089719 0.080563 0.082639 0.081060 0.095539 0.918161 0.466364 1.467871 1.303452 0.876793 0.561834 0.459091 0.276241 0.277452 0.246928 0.238584 0.420370 0.258279 0.257712 0.249698 0.244629 0.250999 0.252039 0.283109 0.358566 0.290919 0.072048 0.113537 0.535132 0.567205 0.609441 0.609441 0.494153 0.438653 0.439557 0.495288 0.732568 0.920733 1.336033 1.825536 0.000000 0.000000 0.000000 0.000000 0.000000 0.000000 0.000000 1.711525 1.099622 0.932925 0.733729 0.723402 0.698908 0.399691 0.393099 0.098188 0.098188 0.373634 0.102525 0.414352 0.417861
0.258639 0.252322 0.084160 0.090205 0.080897 0.088146 0.307827 0.402718 0.555838 1.366238 1.946892 1.492156 0.661688 0.286488 0.276694 0.271995 0.254068 0.243334 0.249809 0.255948 0.253722 0.254339 0.251337 0.250999 0.252429 0.272578 0.334680 0.334924 0.254131 0.076669 0.120701 0.099133 0.124117 0.543193 0.537881 0.566387 0.607752 0.545592 0.281015 0.083299 0.118269 0.737049 2.091384 0.000000 0.000000 0.000000 0.000000 0.000000 2.427235 1.876285 1.876285 1.221291 0.095363 0.898864 0.830907 0.733220 0.697982 0.706291 0.383986 0.099609 0.417010 0.438340 0.472127
0.428514 0.327366 0.080352 0.085143 0.094704 0.741095 0.324388 0.314917 0.389968 0.304056 1.453158 2.219534 0.649241 0.347155 0.285486 0.267239 0.258947 0.855832 0.845010 0.255527 0.858474 0.842981 0.075857 0.245151 0.256026 0.277605 0.325473 0.349333 0.308214 0.069249 0.075716 0.244920 0.079298 0.097899 0.102749 0.103231 0.098828 0.302082 0.077634 0.076520 0.076840 0.076840 0.093290 0.166519 1.766822 2.261998 1.856197 2.020539 0.000000 0.000000 1.788640 1.245925 0.117846 0.946550 0.886915 0.836467 0.754003 0.715741 0.363456 0.387124 0.411965 0.460666 0.520592
0.524565 0.094216 0.087153 0.082087 0.104203 0.481144 0.382605 0.312966 0.301869 0.616268 0.268068 0.683359 1.801525 0.527894 0.324931 0.276414 0.892385 0.860421 0.844313 0.858744 0.265189 0.082898 0.079001 0.257067 0.243550 0.250133 0.320639 0.337811 0.304606 0.278721 0.250967 0.295672 0.275457 0.275457 0.265300 0.263577 0.078911 0.084486 0.289825 0.286272 0.281416 0.284951 0.271262 0.077335 0.110929 1.447879 0.623579 0.694439 1.758304 2.247531 1.893911 1.358667 1.089390 1.041703 0.952327 0.905789 0.867472 0.807850 0.327716 0.352083 0.676510 0.661255 0.676820
0.100529 2.078716 0.085081 0.078953 0.111907 0.541004 0.503044 0.353098 0.655855 0.578729 0.302314 0.276503 0.672295 1.550580 0.489523 0.314205 0.954229 0.912332 0.906552 0.263563 0.268311 0.272869 0.264584 0.277911 0.271413 0.271413 0.260339 0.267124 0.297878 0.279803 0.282005 0.296005 0.314676 0.369620 0.313868 0.306666 0.300560 0.297564 0.299908 0.372686 0.307361 0.366241 0.365156 0.292402 0.070645 0.101315 0.140700 1.617921 1.714643 2.043724 0.000000 1.670179 1.279745 1.109140 1.032102 0.982271 0.930280 0.882870 0.835120 0.308479 0.713069 0.646254 0.118825
0.079194 0.074641 0.075497 0.080123 0.382952 0.525105 0.573217 0.489418 0.629136 0.520063 0.587339 0.261811 0.312657 0.574198 0.617457 0.437287 0.385981 0.386560 0.709414 0.295459 0.280468 0.274206 0.276641 0.282250 0.290295 0.278024 0.269104 0.237999 0.253492 0.269352 0.281515 0.289406 0.357764 0.363579 0.365417 0.311412 0.361749 0.295833 0.365076 0.359627 0.318191 0.366270 0.375910 0.349774 0.326402 0.072954 0.085418 0.704898 1.698391 1.509871 0.000000 1.652297 1.247852 0.993247 0.962172 0.952972 0.952972 0.919421 0.887181 0.878724 0.776425 0.671525 0.698869
0.071383 0.493681 0.072118 0.287970 0.374424 0.463784 0.514063 0.532613 0.532613 0.421761 0.540569 0.424701 0.275717 0.272979 0.308466 0.372732 0.281882 0.735143 0.695974 0.632285 0.266816 0.268140 0.272552 0.280760 0.274038 0.276204 0.269711 0.245832 0.244515 0.264952 0.279832 0.299186 0.305749 0.367649 0.367260 0.323193 0.317478 0.317054 0.295902 0.299225 0.336118 0.359835 0.342758 0.413063 0.433534 0.305459 0.074050 0.126789 0.676310 0.689366 1.257603 1.204105 1.099319 1.088921 0.949258 0.911957 0.094790 0.096521 0.903407 0.904138 0.835156 0.706563 0.337851
0.286230 0.314685 0.306488 0.265386 0.307823 0.357269 0.382605 0.411330 0.429830 0.365209 0.272364 0.243253 0.243828 0.276068 0.282205 0.288634 0.275792 0.274670 0.262745 0.256611 0.842071 0.074228 0.264254 0.264677 0.249442 0.254312 0.263220 0.257192 0.257775 0.270128 0.290262 0.293216 0.305618 0.371710 0.318196 0.351882 0.313723 0.306489 0.281396 0.294484 0.308862 0.338372 0.348698 0.411728 0.455825 0.429236 0.402425 0.082276 0.225477 1.056796 1.734505 1.506832 1.358667 1.780839 1.176101 0.965031 0.095942 0.926408 0.907140 0.890991 0.904889 0.890962 0.820420
0.250846 0.295969 0.296792 0.274841 0.337423 0.352446 0.349478 0.370175 0.375578 0.332121 0.260128 0.255804 0.244262 0.282878 0.265475 0.711412 0.293493 0.923010 0.084744 0.855874 0.837929 0.842879 0.072459 0.241144 0.245992 0.249579 0.261560 0.272871 0.296541 0.291967 0.290977 0.293880 0.298731 0.314767 0.311680 0.367295 0.308460 0.281963 0.343516 0.355073 0.362979 0.371906 0.383089 0.406470 0.448381 0.511148 1.334999 0.293212 0.133496 1.247300 3.294870 0.000000 0.000000 0.000000 3.227849 1.984196 1.211445 1.024636 0.970757 0.927208 0.933139 0.906625 0.909494
0.256839 0.320666 0.314436 0.297588 0.359661 0.345178 0.325262 0.339033 0.354427 0.865218 0.844648 0.071279 0.240586 0.283761 0.268945 0.278811 0.292643 0.359551 0.109163 0.093600 0.882107 0.855799 0.071024 0.242295 0.252914 0.251330 0.253482 0.274706 0.340174 0.346534 0.313294 0.387383 0.364204 0.396317 0.379512 0.346857 0.827269 0.371580 0.855207 0.082021 0.335616 0.342509 0.362441 0.416663 0.416663 0.126615 0.508449 0.507028 0.432137 0.260231 0.118875 0.292453 3.103713 0.392337 4.023841 3.570279 2.008308 1.288079 1.067572 0.106200 0.098099 0.912332 0.920901
0.271360 0.583043 0.300165 0.316472 0.390061 0.350582 0.301128 0.304768 0.342846 0.093508 0.889578 0.071122 0.238738 0.267577 0.270175 0.273144 0.605718 0.671541 1.960265 0.112286 0.094926 0.078185 0.251734 0.246742 0.261267 0.254400 0.244744 0.260174 0.310954 0.390317 0.403218 0.438180 0.460499 0.512847 0.582094 0.582094 0.541530 1.213463 1.795088 1.245925 0.911392 0.319502 0.314568 0.318147 0.691366 0.442530 0.486298 0.529840 0.470838 0.345481 0.296505 0.255997 0.152345 0.102252 1.155725 3.152584 2.615077 1.690279 1.260132 1.047653 0.960223 0.906960 0.889449
0.282537 0.270116 0.268886 0.353076 0.962236 0.334972 0.260777 0.271298 0.328542 0.094209 0.893564 0.073455 0.828623 0.249510 0.253309 0.253383 0.604404 0.656980 1.867961 0.098543 0.094888 0.281805 0.273284 0.261223 0.262435 0.254659 0.249541 0.249541 0.257067 0.273473 0.329270 0.338690 0.408604 0.459946 0.528460 0.669010 0.706663 1.658038 1.878211 0.945098 1.180799 0.915735 0.860421 0.312579 0.308188 0.377169 0.431625 0.507159 0.470838 0.355837 0.378067 0.379191 0.275457 0.078816 0.400398 0.808517 0.994843 1.743575 1.368880 1.089390 0.960223 0.926301 0.865440
0.313207 0.305435 0.264171 0.400907 0.405782 0.294550 0.257655 0.270985 0.297397 0.908513 0.088775 0.889616 0.606921 0.646308 0.251437 0.245033 0.243958 0.247885 0.247885 0.262923 0.084778 0.086904 0.635069 0.632724 0.273321 0.266530 0.252509 0.248632 0.247956 0.254134 0.268608 0.273277 0.352089 0.397843 0.471409 0.609918 0.693608 0.761295 1.638401 1.878211 1.559237 0.546437 0.895828 0.848284 0.310700 0.087103 0.395025 0.501978 0.896202 0.350833 0.308593 0.380208 0.390709 0.079613 0.296684 0.477903 0.616854 0.190166 1.391409 1.210889 1.030333 1.138104 0.900494
0.333110 0.324637 0.317415 0.348835 0.399716 0.486130 0.290542 0.286821 0.278884 0.923010 0.923010 0.916445 0.642959 0.632324 0.637442 0.249137 0.269390 0.262396 0.073599 0.079442 0.079350 0.268354 0.274686 0.277404 0.299733 0.279226 0.265951 0.253042 0.251294 0.244083 0.241971 0.257460 0.298918 0.360295 0.407187 0.514448 0.653907 0.690063 0.742800 0.845771 1.743575 1.440240 1.033999 0.882555 0.819242 0.745760 0.702672 0.137754 0.928933 0.350516 0.261288 0.262884 0.320639 0.070768 0.280644 0.357325 0.457955 0.161740 0.187313 1.439199 1.412851 1.638401 1.175702
0.344824 0.324637 0.267955 0.319153 0.270805 0.309732 0.462591 0.290818 0.296583 0.286437 0.731807 0.323193 0.296100 0.284248 0.653392 0.275815 0.302995 0.293309 0.290958 0.309652 0.317012 0.288508 0.628686 0.658724 0.684197 0.303142 0.277708 0.267303 0.261312 0.243511 0.240052 0.254337 0.274559 0.323807 0.349503 0.404489 0.550085 0.606532 0.639008 0.751310 1.608811 1.625141 1.314026 0.981683 0.869477 0.805593 0.323592 0.497013 1.017828 0.665446 0.071143 0.259305 0.072518 0.075226 0.274205 0.301821 0.362449 0.119940 0.142065 0.178829 1.590523 0.755050 1.462586
1.145522 0.346682 0.268911 0.240709 0.779042 0.816104 0.080703 0.258809 0.264990 0.602566 0.298055 0.325533 0.304722 0.320377 0.333132 0.323029 0.289785 0.284231 0.290496 0.314575 0.338202 0.314575 0.308308 0.331334 0.293767 0.291693 0.291738 0.282625 0.271418 0.261648 0.252970 0.245161 0.258501 0.302284 0.328050 0.352604 0.425643 0.524344 0.540483 0.608217 0.636289 1.442140 1.492231 1.200167 0.971572 0.865245 0.819242 0.128647 1.134892 0.651155 0.079740 0.081315 0.067690 0.082876 0.082876 0.079814 0.283196 0.312253 0.092225 0.092853 0.380383 0.456456 0.670621
0.601602 0.744865 0.919292 1.874302 0.846724 0.834179 0.079801 0.076557 0.246856 0.245832 0.624809 0.636376 0.284074 0.291758 0.662680 0.300418 0.265226 0.610126 0.256274 0.265303 0.667253 0.638175 0.634155 0.654686 0.628447 0.283818 0.301613 0.287997 0.274693 0.261002 0.245555 0.245282 0.252215 0.276421 0.309477 0.322923 0.347394 0.412187 0.470852 0.535895 0.535277 1.258135 1.378904 1.378904 1.189465 0.961151 1.155208 0.875774 0.666941 1.181579 0.553587 0.404052 0.085101 0.237161 0.080665 0.304232 0.088477 0.297809 0.082276 0.080057 0.302328 1.022966 1.401455
1.299603 0.809846 0.912837 0.085710 0.880125 0.868920 0.079407 0.077094 0.241111 0.240946 0.598375 0.260829 0.262772 0.616669 0.667238 0.275580 0.260507 0.258189 0.261941 0.272296 0.272994 0.260484 0.253086 0.247661 0.250511 0.274135 0.312307 0.298918 0.281245 0.257265 0.245401 0.243416 0.240291 0.257753 0.296518 0.299046 0.299500 0.299500 0.318470 0.442596 0.144265 0.512806 0.523992 0.567841 0.187476 1.408106 0.735199 0.112020 0.733069 1.109888 0.583602 0.479843 0.366658 0.307267 0.070934 0.090287 0.342995 0.321653 0.284593 0.275060 0.082005 2.209787 0.000000
0.482579 0.374464 0.902185 0.891137 0.884869 0.876288 0.079581 0.077094 0.239277 0.244217 0.251630 0.256786 0.257655 0.266844 0.639231 0.267352 0.270497 0.273579 0.280521 0.284999 0.275366 0.267030 0.255746 0.240454 0.239757 0.613941 0.297761 0.304301 0.298128 0.298128 0.262198 0.253829 0.247529 0.246386 0.254226 0.291522 0.282911 0.272589 0.281477 0.363383 0.425149 0.483023 0.499203 0.515228 1.287894 0.771759 0.779663 1.213463 0.817860 0.891242 0.569951 0.501109 0.425779 0.400051 0.279804 0.074734 0.102519 0.099590 0.083822 0.271507 0.892969 0.890444 0.000000
