FB/MTT/SampleData/Outputs/NoBarriers_FLAMELENGTH.asc
NCOLS 84
NROWS 94
XLLCORNER -2098.000000
YLLCORNER 3210.000000
CELLSIZE 30.000000
NODATA_VALUE -1
[rows 56 to 83 of 94, columns 0 to 62 of 84]
0.464287 0.458042 0.446405 0.471414 0.680760 0.680439 0.146159 0.136799 0.136236 0.144054 0.135178 0.142632 0.142632 0.649233 0.444920 0.453840 0.468981 0.502530 0.415798 0.537630 0.529623 0.412856 0.127014 0.133195 0.477675 0.474767 0.453158 0.445230 0.433280 0.412092 0.416439 0.491050 0.502494 0.507450 0.468408 0.509628 0.496532 0.446701 0.449671 0.446822 0.448586 0.450250 0.458457 0.460759 0.461697 0.475237 0.475472 0.888744 0.495000 0.464178 0.453722 0.454941 0.476181 0.537317 0.458210 0.448586 0.443176 0.130713 0.581065 0.140235 0.967681 0.566484 0.424151
0.424346 0.475634 0.466914 0.466914 0.451197 0.677853 0.151995 0.136689 0.138102 0.140684 0.134313 0.431954 0.442530 0.465596 0.480180 0.473415 0.475281 0.585497 0.421270 0.539807 0.493265 0.414910 0.430568 0.132087 0.153656 0.487125 0.450781 0.434343 0.432530 0.420071 0.443738 0.494272 0.457721 0.460974 0.513359 0.506168 0.455316 0.450979 0.460803 0.461028 0.465176 0.468960 0.469283 0.468978 0.471508 0.478331 0.481957 0.491460 0.902584 0.491046 0.468496 0.459962 0.501487 0.515165 0.454510 0.435461 0.568312 0.128691 0.584207 0.586521 0.463320 0.565640 0.549638
0.434854 0.668787 0.622175 0.467274 0.571170 0.261727 0.139672 0.135878 0.141196 0.433239 0.438004 0.460467 0.479390 0.485753 0.484056 0.472100 0.500540 0.649097 0.418678 0.533819 0.475449 0.421306 0.473508 0.130567 0.153405 0.510533 0.459569 0.436436 0.441483 0.442101 0.434761 0.456362 0.459872 0.504915 0.507450 0.513359 0.463342 0.464598 0.452838 0.463364 0.471571 0.472971 0.876757 0.869938 0.472914 0.477260 0.481340 0.489283 0.494399 0.493105 0.476340 0.457055 0.513916 0.500190 0.461718 0.430099 0.430099 0.412629 0.127622 0.584357 0.134363 0.135923 0.575657
0.496084 0.621192 0.623506 0.265410 0.671620 0.000000 0.141530 0.136545 0.144017 0.486172 0.476082 0.493210 0.489479 0.490414 0.487237 0.446290 0.556451 0.644828 0.418791 0.540119 0.453099 0.450747 0.489492 0.409676 0.145388 0.537965 0.493506 0.467650 0.456253 0.458284 0.447569 0.462151 0.504915 0.503690 0.513359 0.469249 0.469264 0.457411 0.512713 0.531689 0.521526 0.556584 0.548127 0.466940 0.870823 0.473706 0.481340 0.481340 0.485972 0.491194 0.893651 0.910573 0.502975 0.530088 0.933845 0.481868 0.867028 0.867866 0.128018 0.129246 0.134526 0.135336 0.580950
0.628393 0.430562 0.464397 0.000000 0.000000 0.000000 0.136947 0.444668 0.659965 0.534683 0.508263 0.593036 0.585308 0.484636 0.466699 0.420633 0.583413 0.599609 0.418370 0.531492 0.446640 0.454300 0.492306 0.431450 0.138266 0.165925 0.538119 0.500058 0.470595 0.452739 0.455325 0.514401 0.509411 0.507450 0.492840 0.452872 0.482263 0.486448 0.706250 0.706250 0.687672 0.762055 0.703470 0.604840 0.541952 0.537661 0.454309 0.877999 0.884640 0.151119 0.905403 0.938261 0.165170 0.986816 0.988075 0.516048 0.135355 0.571077 0.411623 0.414942 0.429865 0.133552 0.571285
0.485137 0.452915 0.567125 0.151277 0.151681 0.145620 0.138554 0.447491 0.481503 0.523321 0.534068 0.519111 0.492952 0.464464 0.435293 0.415424 0.565993 0.551351 0.416110 0.512971 0.446640 0.429737 0.485130 0.478697 0.126835 0.147523 0.572249 0.555426 0.568186 0.531884 0.479029 0.555790 0.568186 0.546039 0.520447 0.447145 0.480961 0.583642 0.574104 0.621313 0.668204 0.738599 0.235908 0.799647 0.658769 0.537661 0.150763 0.135757 0.844235 0.862373 0.902236 0.164980 0.981276 1.162006 0.615515 0.528316 0.549580 0.423380 0.129830 0.421291 0.437905 0.133927 0.561057
0.454521 0.454315 0.451179 0.139054 0.137516 0.143052 0.456258 0.463470 0.484095 0.537557 0.545187 0.530880 0.476120 0.467662 0.422025 0.420702 0.518482 0.494751 0.420642 0.477675 0.455044 0.415528 0.415528 0.434292 0.484441 0.472384 0.129684 0.155690 0.562898 0.577144 0.564659 0.571490 0.583111 0.627367 0.627171 0.557819 0.598828 0.579011 0.504999 0.574591 0.656023 1.626914 0.249154 0.972603 0.889867 0.733147 0.716087 0.598256 0.831118 0.135079 0.847911 1.011651 0.172869 0.593020 0.606214 0.526875 0.472389 0.446168 0.429415 0.432393 0.446067 1.585421 0.820237
0.455685 0.458080 0.137696 0.138089 0.140145 0.143135 0.152448 0.495338 0.518349 0.527209 0.538192 0.530260 0.456537 0.433973 0.433973 0.437330 0.415952 0.451867 0.442463 0.431420 0.446101 0.447587 0.415820 0.410180 0.451251 0.487938 0.434787 0.135503 0.536637 0.553671 0.594610 0.549439 0.546244 0.558713 0.612546 0.609860 0.499695 0.481689 0.509475 0.614697 0.725472 0.831291 0.899057 0.000000 0.000000 0.000000 0.995569 0.752079 0.616166 0.597868 0.581716 0.900249 0.547514 0.570177 0.171550 0.525229 0.497093 0.482653 0.460380 0.455312 0.862660 0.832666 0.882423
0.460214 0.140745 0.137054 0.137273 0.139503 0.145157 0.145157 0.686987 0.519179 0.558756 0.622217 0.516218 0.490969 0.448104 0.434111 0.433946 0.416643 0.418336 0.414708 0.424726 0.431850 0.428974 0.415628 0.412577 0.423533 0.465453 0.477635 0.127949 0.149752 0.565226 0.567253 0.592321 0.586102 0.583174 0.565230 0.517504 0.490511 0.480395 0.599964 0.676898 0.827636 0.849697 0.000000 0.000000 0.000000 1.052009 0.000000 0.000000 0.976009 0.661980 0.608110 0.585749 0.521691 0.531948 0.554701 0.923100 0.155863 0.494005 0.478331 0.470271 0.883181 0.527120 0.532462
0.480565 0.134790 0.144838 0.137841 0.139463 0.138231 0.149086 0.603422 0.559329 0.748781 0.708961 0.590760 0.481391 0.438684 0.439588 0.440474 0.417481 0.410931 0.421259 0.426201 0.425771 0.419628 0.415688 0.420633 0.421433 0.444582 0.495628 0.450183 0.130936 0.161405 0.595862 0.612032 0.632590 0.632590 0.574420 0.543788 0.544303 0.575027 0.543887 0.604199 0.717058 0.827786 0.000000 0.000000 0.000000 0.000000 0.000000 0.000000 0.000000 0.803590 0.655617 0.607866 0.544283 0.540746 0.532245 0.944593 0.899036 0.150974 0.150974 0.878277 0.154006 0.921078 0.924657
0.426474 0.421651 0.140638 0.145198 0.138103 0.143664 0.462035 0.522823 0.606359 0.724470 0.852659 0.754454 0.519014 0.447016 0.439920 0.436468 0.422991 0.414674 0.419714 0.424428 0.422725 0.423198 0.420893 0.420633 0.421733 0.436898 0.480157 0.480318 0.423039 0.134735 0.166013 0.151641 0.168158 0.599974 0.597268 0.611626 0.631783 0.601192 0.443067 0.139975 0.164466 0.690402 0.881207 0.000000 0.000000 0.000000 0.000000 0.000000 0.943691 2.101421 2.101421 0.688042 0.148960 0.597555 0.576332 0.544109 0.531920 0.534824 0.889389 0.151975 0.923791 0.945234 0.978077
0.424993 0.475302 0.137675 0.141392 0.148485 0.546790 0.473308 0.466900 0.515142 0.459422 0.745319 0.905647 0.651269 0.488309 0.446296 0.432940 0.426708 0.584221 0.580811 0.424106 0.585050 0.580169 0.134077 0.416096 0.424487 0.440585 0.474035 0.489716 0.462302 0.128572 0.133962 0.415915 0.136841 0.150769 0.154160 0.154493 0.151425 0.458048 0.135512 0.134614 0.134873 0.134873 0.147462 0.192499 0.815431 0.913576 0.834152 0.867348 0.000000 0.000000 2.054344 0.694392 0.164195 0.611934 0.593887 0.578103 0.551150 0.538104 0.867189 0.892724 0.918633 0.967083 1.125697
0.466429 0.148133 0.142918 0.139034 0.155160 0.567414 0.510645 0.465567 0.457899 0.502310 0.433557 0.666795 0.822760 0.592141 0.473672 0.439715 0.595569 0.585660 0.580590 0.585135 0.431409 0.139664 0.136605 0.425280 0.414843 0.419964 0.470784 0.482218 0.459805 0.441399 0.420608 0.453552 0.439014 0.439014 0.431492 0.430200 0.136533 0.140889 0.449403 0.446861 0.443358 0.445911 0.435926 0.135272 0.159690 0.744072 0.639299 0.671746 0.813620 0.910884 0.841906 0.722621 0.652804 0.639500 0.613649 0.599668 0.587863 0.568919 0.826866 0.854600 0.524330 0.518857 0.524440
0.152619 0.673193 0.141344 0.136567 0.160335 0.598861 0.579152 0.492137 0.516904 0.487997 0.458210 0.439780 0.661807 0.767902 0.571939 0.466414 0.614212 0.601656 0.599900 0.430190 0.433738 0.437112 0.430956 0.440809 0.436037 0.436037 0.427762 0.432854 0.455105 0.442187 0.443785 0.453786 0.466736 0.873925 0.466184 0.461232 0.456985 0.454884 0.456529 0.877251 0.461713 0.870240 0.869053 0.451237 0.129757 0.153167 0.178144 1.409986 1.448153 0.871912 0.000000 0.794601 0.703000 0.658222 0.636782 0.622451 0.607073 0.592640 0.577674 0.792899 0.537179 0.513409 0.164821
0.136758 0.133084 0.133783 0.137494 0.510858 0.590700 0.615007 0.571882 0.507108 0.464584 0.491323 0.428872 0.465356 0.615492 0.636404 0.543008 0.512713 0.513066 0.964958 0.453401 0.442670 0.438096 0.439881 0.443961 0.449738 0.440892 0.434327 0.410467 0.422549 0.434511 0.443430 0.449104 0.860916 0.867325 0.869338 0.464502 0.865314 0.453665 0.868966 0.862975 0.469127 0.870272 0.880734 0.490000 0.474657 0.131691 0.141602 0.676381 1.441823 0.758561 0.000000 2.012002 0.694886 0.625640 0.616559 0.613840 0.613840 0.603802 0.593969 0.591358 0.558630 0.522549 0.532231
0.130379 0.453590 0.130995 0.448078 0.505593 0.557903 0.584953 0.594570 0.594570 0.534053 0.472922 0.423250 0.439205 0.437193 0.462476 0.504541 0.443695 0.980902 0.956505 0.915196 0.432624 0.433611 0.436879 0.442882 0.437972 0.439562 0.434778 0.416627 0.415599 0.431232 0.442208 0.456023 0.460598 0.871778 0.871353 0.472505 0.468643 0.468355 0.788922 0.456050 0.836551 0.863205 0.485454 0.919758 0.940453 0.460397 0.132598 0.169814 0.663622 1.164108 0.697378 0.683571 0.655534 0.652674 0.612738 0.601543 0.148548 0.149789 0.598942 0.599165 0.577685 0.534919 0.851775
0.446830 0.466742 0.461110 0.431557 0.462032 0.494802 0.510645 0.527936 0.538729 0.499830 0.436740 0.414610 0.415061 0.439462 0.443929 0.448553 0.439259 0.438437 0.429576 0.424933 0.579881 0.132744 0.430708 0.431026 0.419430 0.423178 0.429933 0.425375 0.425818 0.435087 0.449715 0.451814 0.460507 0.876194 0.469130 0.854375 0.466085 0.801784 0.770891 0.787180 0.804634 0.839127 0.489306 0.918390 0.962395 0.538386 0.522647 0.139181 0.221300 1.846393 0.808535 0.757858 0.722621 0.818400 0.676212 0.617401 0.149375 0.605909 0.600079 0.595141 0.599394 0.595132 0.572974
0.420514 0.453761 0.454341 0.438562 0.481963 0.491718 0.489809 0.502945 0.506309 0.478465 0.427602 0.424317 0.415401 0.444416 0.431623 0.966207 0.452010 0.604886 0.141086 0.584234 0.578567 0.580137 0.131280 0.412953 0.416751 0.419537 0.428683 0.437113 0.454164 0.450928 0.450224 0.452285 0.455704 0.466798 0.464686 0.871391 0.462472 0.771605 0.844971 0.857931 0.866666 0.876406 0.888432 0.912976 0.549302 1.014466 1.446263 0.451811 0.173888 0.879428 1.086135 0.000000 0.000000 0.000000 1.075916 0.860136 0.685485 0.634659 0.619084 0.606150 0.607930 0.599922 0.600795
0.425106 0.470802 0.466572 0.454901 0.496324 0.487028 0.473894 0.483020 0.492988 0.587160 0.580696 0.130292 0.412514 0.445053 0.434209 0.441465 0.451408 0.496254 0.158515 0.147687 0.592404 0.584211 0.130078 0.413859 0.422106 0.420887 0.422542 0.438463 0.483767 0.487906 0.465792 0.513569 0.499197 0.518983 0.508742 0.488116 0.575170 0.876053 0.584024 0.138983 0.835976 0.843830 0.866075 0.923437 0.923437 0.169706 1.110607 1.010697 0.540057 0.427680 0.164853 0.249426 1.056681 0.285521 1.190729 1.126993 0.864929 0.705102 0.646757 0.156521 0.150911 0.601656 0.604249
0.435999 0.489667 0.456709 0.467959 0.515198 0.490520 0.457382 0.459917 0.485511 0.147620 0.594707 0.130160 0.411053 0.433192 0.435122 0.437315 0.897303 0.940910 1.725801 0.160585 0.148645 0.135954 0.421199 0.417336 0.428462 0.423245 0.415778 0.427637 0.464188 0.515354 0.523121 0.543518 0.556082 0.584317 0.619371 0.619371 0.599129 0.686010 0.821406 0.694392 0.601371 0.817267 0.811437 0.815671 0.529595 1.006507 1.077446 1.136019 0.561791 0.487224 0.454139 0.424465 0.184780 0.153817 1.959713 1.064302 0.976610 0.798986 0.698023 0.641178 0.615984 0.600024 0.594667
0.444169 0.435078 0.434165 0.492122 0.616578 0.480349 0.428092 0.435953 0.476086 0.148128 0.595931 0.132107 0.575602 0.419483 0.422409 0.422465 0.896407 0.931469 1.687933 0.151224 0.148618 0.443640 0.437418 0.428429 0.429342 0.423443 0.419507 0.419507 0.425280 0.437557 0.476571 0.482795 0.526323 0.555775 0.592433 0.660317 0.677160 0.791939 0.838689 1.813399 0.677453 0.602688 0.585660 0.801209 0.792150 0.905399 0.991425 1.103117 0.561791 0.493889 0.883055 0.884262 0.439014 0.136458 0.521435 0.720428 0.794244 0.810478 0.725114 0.652804 0.615984 0.605877 0.587229
0.465732 0.460380 0.430646 0.521739 0.524649 0.452759 0.425727 0.435721 0.454767 0.600497 0.144135 0.594719 0.898122 0.924478 0.420970 0.416003 0.415163 0.418224 0.418224 0.429709 0.141113 0.142729 0.917048 0.915489 0.437445 0.432411 0.421794 0.418803 0.418279 0.423041 0.433959 0.437412 0.491489 0.519901 0.562104 0.632818 0.671377 0.700758 0.787611 0.838689 0.769871 1.206185 0.596625 0.581845 0.798761 0.142880 0.941696 1.108281 0.596740 0.490682 0.462564 0.885352 0.896517 0.137091 0.454264 0.565653 0.636118 0.204624 0.730580 0.685340 0.636280 0.666073 0.598053
0.479120 0.473475 0.468600 0.489395 0.521026 0.450386 0.449914 0.447254 0.441518 0.604886 0.604886 0.602903 0.922272 0.915223 0.918622 0.419194 0.434539 0.429313 0.132226 0.136955 0.136882 0.433770 0.438448 0.440438 0.456407 0.441767 0.431978 0.422204 0.420859 0.415261 0.413604 0.425579 0.455835 0.496726 0.525483 0.585155 0.653418 0.669796 0.692875 0.735512 0.810478 0.742264 0.637320 0.592543 0.572595 0.548370 0.533562 0.176418 0.606668 0.490478 0.428478 0.429680 0.470784 0.129862 0.442797 0.494838 0.554667 0.189938 0.203206 0.742017 0.735737 0.787611 0.676106
0.486798 0.473475 0.433473 0.469778 0.435588 0.463348 0.440219 0.450111 0.454194 0.446979 0.978852 0.472505 0.453853 0.445405 0.929126 0.439276 0.458684 0.451880 0.450210 0.463293 0.468326 0.448463 0.912797 0.932606 0.949026 0.458787 0.440661 0.432988 0.428496 0.414813 0.412092 0.423196 0.438355 0.472918 0.489825 0.523879 0.603464 0.631199 0.646527 0.696515 0.781035 0.784672 0.711600 0.622279 0.588487 0.568187 0.826794 1.122598 0.632716 0.520368 0.130177 0.426979 0.131329 0.133563 0.438095 0.457866 0.498090 0.165531 0.178936 0.198919 0.776939 0.702808 0.747540
0.668067 0.488003 0.434184 0.412611 0.559495 0.571586 0.137951 0.426603 0.431260 0.895151 0.455229 0.474075 0.459885 0.470606 0.479134 0.472394 0.449374 0.445392 0.449881 0.466666 0.482475 0.466666 0.462367 0.477943 0.452205 0.450733 0.450766 0.444233 0.436041 0.428750 0.422149 0.416103 0.426370 0.458189 0.475758 0.491819 0.536309 0.590306 0.598596 0.632005 0.645260 0.742714 0.754472 0.682542 0.619322 0.587168 0.572595 0.170954 0.665208 0.515197 0.137191 0.138431 0.127232 0.139647 0.139647 0.137249 0.444645 0.465079 0.146685 0.147143 0.509278 0.553831 0.661048
0.628834 0.548067 0.603764 1.690566 0.581353 0.577375 0.137239 0.134644 0.417424 0.416627 0.910203 0.917916 0.445279 0.450780 0.935178 0.456886 0.431436 0.900300 0.424676 0.431494 0.938141 0.919109 0.916441 0.929971 0.912637 0.445094 0.457721 0.448097 0.438453 0.428262 0.416411 0.416198 0.421569 0.439720 0.463172 0.472323 0.488463 0.528442 0.561799 0.596253 0.595936 0.697514 0.727552 0.727552 0.679736 0.616258 0.670659 0.590444 0.520905 0.677659 0.605228 0.523618 0.141360 0.409802 0.137921 0.459545 0.143912 0.455056 0.139181 0.137442 0.458220 0.634183 0.733001
0.707997 0.569565 0.601810 0.141824 0.591791 0.588314 0.136927 0.135078 0.412927 0.412797 0.892283 0.428132 0.429596 0.904729 0.938131 0.439104 0.427889 0.426133 0.428971 0.436689 0.437204 0.427871 0.422238 0.418050 0.420256 0.438044 0.465116 0.455835 0.443234 0.425431 0.416291 0.414739 0.412281 0.425802 0.454148 0.455925 0.456243 0.456243 0.469316 0.546031 0.180206 0.584295 0.590124 0.612348 0.203287 0.734600 1.464378 0.160410 0.544058 0.658426 0.620108 0.566708 0.500742 0.461648 0.130002 0.145259 0.485608 0.471467 0.445653 0.438723 0.138970 0.692397 0.000000
0.568192 0.505618 0.598569 0.595186 0.593257 0.590603 0.137066 0.135078 0.411479 0.415366 0.421119 0.425066 0.425727 0.432645 0.919808 0.433024 0.435360 0.437635 0.442709 0.445946 0.438948 0.432784 0.424273 0.412409 0.411859 0.902886 0.455022 0.459593 0.455281 0.455281 0.429164 0.422807 0.417948 0.417058 0.423112 0.450612 0.444440 0.436906 0.443402 0.498679 0.536022 0.568432 0.577113 0.585563 0.705055 1.500265 1.515375 0.686010 0.572151 0.595218 1.208603 0.578126 0.536387 0.521227 0.442187 0.133159 0.154001 0.151962 0.140378 0.436107 0.595749 0.594973 0.000000
