FB/MTT/SampleData/Outputs/NoBarriers_INTENSITY.asc
NCOLS 84
NROWS 94
XLLCORNER -2098.000000
YLLCORNER 3210.000000
CELLSIZE 30.000000
NODATA_VALUE -1
[rows 26 to 51 of 94, columns 0 to 59 of 84]
202.002304 208.034561 192.561203 172.840195 125.998466 147.416885 115.303932 499.360229 119.253143 109.330856 73.719322 47.267200 62.665314 76.746239 67.840614 77.083107 41.139290 54.077831 51.907776 51.907776 68.499702 64.917542 67.493080 66.493095 74.967003 44.414192 64.452629 79.692230 73.253593 70.361412 46.986023 32.075577 47.095776 50.458164 60.477428 61.824070 41.379967 43.178684 50.896088 42.613518 46.715607 46.040607 3.581395 86.332687 0.000000 3.414945 3.379963 3.441470 3.753931 3.553387 3.221858 3.165495 3.043797 3.026360 3.072967 3.254212 46.882973 47.303673 48.317097 54.355209
229.231674 219.454407 197.902191 171.352219 104.968987 121.537453 89.523865 101.487869 82.278488 71.517921 58.800705 58.800705 216.100769 41.399803 78.282738 120.468796 73.631836 63.088650 50.625805 32.708202 42.325890 52.064632 47.368580 87.686638 94.714539 62.857525 72.397209 67.033928 80.838608 65.039085 59.437378 41.938267 38.781170 43.850155 65.382828 63.442989 46.562294 78.144646 47.217537 46.152718 45.176056 49.012478 0.000000 0.000000 4.164290 42.516327 44.256683 47.798283 51.286064 45.565678 56.197357 41.906010 41.843067 38.437893 37.736740 3.011995 3.349581 3.670145 49.792095 49.499668
286.523468 257.541565 257.541565 236.588806 200.996323 409.406067 103.076271 84.411865 76.583870 66.250717 67.632767 65.124611 47.493015 45.452419 81.329903 80.970345 78.629044 91.397888 61.756538 32.945011 30.464598 57.653358 50.324669 83.298958 118.931671 80.931618 58.240738 54.392799 74.706337 60.401340 51.777695 61.265739 51.668198 44.924404 55.798752 44.299160 46.344288 51.151119 3.571986 45.350151 44.161137 0.000000 0.000000 74.406288 3.533755 46.966999 52.043819 52.418972 65.602028 51.519173 54.117264 52.197807 44.596336 39.661942 38.469139 37.704697 3.233412 3.445836 3.745866 54.217609
0.000000 0.000000 292.272919 193.312653 103.618385 85.159508 82.291138 79.860619 74.704453 62.106682 342.535370 87.009743 65.013855 54.643421 69.035141 72.050156 65.023224 82.320694 78.422714 56.707142 49.494053 48.552067 48.265347 49.773048 90.924057 80.451881 47.332424 51.173721 61.444000 68.057335 56.804459 55.336052 53.212761 43.620213 3.775456 3.773770 4.013041 3.659004 3.712199 0.000000 0.000000 0.000000 4.171540 3.457742 42.622887 52.834335 73.805649 71.107079 47.206009 40.280533 47.147472 52.664158 42.138931 40.966019 39.589947 39.589947 38.307674 2.999100 3.246833 3.433843
292.430023 113.343079 194.102829 255.734482 123.730423 75.083549 185.733551 164.888306 62.540791 57.006371 80.586044 105.058357 102.878990 88.838043 80.666824 101.097389 91.070450 36.482388 47.331181 59.796333 60.910122 59.747883 40.978668 43.155346 54.764744 70.789986 45.183048 43.496662 69.430008 74.715134 67.912888 3.907040 4.067216 4.061525 3.631311 3.582945 3.580158 3.460037 0.000000 0.000000 0.000000 3.542986 42.899364 45.532291 47.219273 69.121735 69.121735 56.425571 70.271606 55.655510 38.970577 44.109329 44.245361 43.150513 42.379906 43.243320 42.857819 39.742119 2.997262 3.151610
66.922577 52.912403 61.846867 133.261063 148.340942 68.565025 51.175892 55.442451 57.134598 52.270832 81.190742 104.603844 102.878990 100.893356 104.307739 109.571091 142.244019 112.386856 53.822613 31.423826 55.017609 62.174641 51.833984 45.454418 46.764717 62.016125 60.570278 67.493080 69.063408 75.003044 3.814823 3.939924 110.135002 110.153267 109.675804 109.582680 109.060989 107.771591 0.000000 33.232483 104.147812 3.571845 42.989071 43.726631 49.043388 79.948845 70.243980 58.183029 68.551201 54.452156 40.860226 41.301025 41.025993 43.285179 43.900532 44.404518 44.981743 43.339981 40.736317 2.985374
61.347054 66.064903 56.687401 48.389408 80.591469 87.021561 54.853622 56.646870 57.348751 54.716900 59.654858 84.274910 87.403526 70.536797 98.017624 109.571091 119.675842 134.501678 123.414955 102.440598 55.165756 59.364750 43.740192 58.669258 47.173286 52.964500 56.019718 63.051971 3.731945 3.756477 3.914803 0.000000 0.000000 0.000000 3.900866 109.304955 0.000000 0.000000 100.354530 72.632759 47.735416 39.554333 42.084213 45.043552 58.490040 78.767540 77.055183 74.234695 69.082779 72.945015 50.663723 39.867001 38.423996 41.053810 44.069641 44.404518 46.745464 45.897133 44.012489 40.460110
55.891624 67.736115 84.723885 56.162510 52.690075 87.615204 93.036591 72.967026 67.339729 50.879749 47.580814 63.979275 69.337875 64.383385 87.502296 106.942566 71.623642 77.208519 91.640907 105.708199 89.559738 89.559738 56.139008 39.799892 45.356071 46.289482 47.029533 50.367069 4.014275 3.952509 0.000000 0.000000 109.431328 108.729462 108.139061 3.788909 103.455246 100.496910 41.368767 40.725273 40.116631 38.273243 36.629601 40.847435 60.600266 83.073669 96.725037 102.708931 105.582863 102.870544 78.026863 46.511639 44.096928 38.128685 42.350933 44.225330 46.502838 46.904881 46.144829 43.676079
59.981049 78.342751 117.042053 46.861801 47.422806 59.941410 93.203430 91.143135 73.038376 56.978325 52.414165 54.958565 68.836571 68.836571 47.569973 51.019104 60.933498 49.030518 38.654682 58.966087 68.610001 65.837097 64.167961 49.605934 56.676426 46.095158 3.492497 3.611171 3.994559 0.000000 89.046440 109.600426 108.762680 106.582436 105.541794 3.189755 41.892380 47.772583 40.352222 45.157639 43.632973 40.152889 38.080647 39.915264 53.914055 65.914551 92.895126 101.918343 103.873329 116.577934 97.226021 61.157799 53.257919 39.358795 38.057472 41.508839 44.225330 49.211269 46.537838 46.394875
42.077805 61.756538 98.618172 63.982159 43.011692 43.011692 38.965919 50.654354 49.625057 62.096313 76.143379 58.807411 55.996387 100.045387 51.355213 43.850811 35.362869 50.634491 43.875500 52.299850 53.312038 59.654858 52.031212 44.399151 37.129757 37.640919 3.522612 3.653895 110.461716 0.000000 0.000000 0.000000 0.000000 0.000000 3.317908 3.327092 44.939106 42.487911 42.118679 41.505062 40.663815 37.087849 37.384380 35.107384 43.199047 44.200287 52.488857 71.723679 85.094894 105.141273 98.653091 76.745422 66.015129 44.278801 38.117760 39.166939 41.301025 46.710236 43.573200 44.742718
87.890068 77.065437 38.686649 88.075485 71.822449 57.719452 168.084900 45.341972 40.043541 45.555660 52.840565 50.145081 53.898270 66.248695 85.959618 47.781864 43.502892 70.042610 98.411499 64.998901 65.062096 58.631210 58.254963 68.451508 44.542484 43.937817 3.775810 110.644829 109.829254 0.000000 0.000000 0.000000 0.000000 52.038620 39.800842 3.244740 3.815503 50.670498 53.615566 42.252251 39.397930 37.518391 38.947815 38.717987 40.684444 40.803528 43.606827 58.059170 84.612328 125.536179 118.846046 103.926376 112.688393 66.115471 41.180405 38.503765 40.279125 40.279125 42.320248 42.642239
116.008293 112.125771 41.649796 69.468903 80.091667 75.057465 66.211876 33.474232 46.949070 41.677116 39.235443 43.493282 47.640423 60.269512 51.591522 43.113197 68.918236 119.123146 111.611305 72.898209 52.974545 50.165028 59.552517 43.152325 3.871243 3.802910 110.605011 0.000000 88.480331 109.304955 107.228806 0.000000 90.684883 60.470428 40.234707 37.728786 3.390451 5.094503 72.442596 50.017334 42.252251 39.570133 38.686649 38.738949 40.639576 42.008034 41.434036 45.430569 63.907429 63.907429 102.204407 148.930237 90.758972 138.842361 103.460075 56.014492 39.272427 38.251564 42.320248 41.984772
92.985741 116.231880 46.787800 60.766407 83.906532 64.757217 41.899281 94.982285 215.353378 212.988480 201.550186 47.590252 43.966320 55.363361 61.057148 47.912682 165.549561 145.321869 95.329124 57.339352 47.178215 52.540947 47.389999 50.664314 3.809862 3.940689 0.000000 34.897419 0.000000 0.000000 0.000000 104.970734 74.651245 50.057156 38.395027 42.219749 3.219258 4.542427 71.401543 65.553780 65.553780 44.900063 41.564423 39.382450 39.265476 38.973106 42.604214 47.564510 51.396988 54.860062 57.993317 73.997665 90.758972 67.676186 89.294876 75.157608 47.736698 38.405930 37.675648 41.984772
106.068329 120.161430 65.147850 31.057562 64.573463 57.765350 56.879910 227.558441 221.207596 67.495361 65.399239 65.108490 61.992702 64.187576 116.219902 160.644897 132.994354 100.818535 51.247368 49.950527 45.806854 111.546989 77.495392 3.781576 3.939924 0.000000 109.714020 0.000000 108.729179 0.000000 105.822227 65.412834 65.412834 60.745224 47.993141 38.760868 42.200279 37.808510 3.063300 3.935011 71.856239 56.190636 45.199722 38.782776 38.802326 39.004601 39.850311 42.519478 59.251114 65.508522 61.761326 49.332172 59.357590 59.511993 91.685371 121.482506 97.776474 52.005970 40.758453 38.682224
91.346748 146.068253 119.951454 44.942894 43.374664 43.436176 54.411446 234.977188 67.579834 63.896149 65.348251 61.978882 60.592884 91.340012 159.480408 175.525070 72.809563 57.395397 47.657520 48.871235 46.652122 110.985107 111.452621 3.908445 3.908445 0.000000 0.000000 109.304955 108.768234 0.000000 0.000000 53.452271 56.133110 58.875980 49.124180 40.519863 38.849739 49.284496 47.385326 3.234067 59.649746 75.731911 55.464386 44.693096 37.960770 44.654175 47.822052 44.034866 53.730942 80.232384 62.333942 53.836105 49.479870 130.211212 169.904572 176.558014 198.353699 150.431198 53.449554 38.138924
84.735229 100.815086 95.110519 55.035198 46.765209 45.514545 38.391151 42.588989 75.342972 67.661980 70.245285 61.701099 71.545868 122.978386 87.863853 87.863853 74.306267 4.151314 3.852546 112.244095 110.827293 109.920212 0.000000 108.913910 0.000000 108.729820 108.775856 3.692348 108.001526 106.401764 44.714813 49.962849 49.551773 54.543915 47.110806 41.987801 38.014690 47.385326 49.279079 3.089435 3.315440 4.538894 68.959717 53.835133 44.036022 55.930210 47.236145 40.376553 45.558090 68.500984 74.861557 87.022110 106.348465 56.997993 67.403862 127.081154 142.932892 105.622856 65.843300 240.176834
69.474129 91.543289 95.092400 98.328888 95.254158 53.285938 46.014648 46.014648 55.205902 84.895630 75.075302 70.254021 69.081108 74.352127 73.060005 120.058311 5.664060 3.761336 3.480902 3.526613 108.790771 108.672218 108.967354 0.000000 0.000000 3.860241 3.860425 107.299133 0.000000 4.104187 48.104950 52.685303 46.242168 48.313229 45.232658 43.576389 40.037918 39.953049 44.831528 47.768085 3.010925 3.211456 3.565015 3.944092 55.074345 4.275938 68.850655 45.538498 45.909187 50.045361 67.528549 67.897774 57.202648 49.529514 54.861237 71.489464 83.286736 89.822266 85.988091 86.490860
52.373043 88.392448 844.034912 96.437447 98.469139 73.424614 66.806511 61.872169 101.669594 102.605721 169.937973 0.000000 0.000000 226.526596 146.180359 159.594376 3.987028 3.916639 3.886169 3.870624 3.854028 107.989143 402.317749 106.477180 106.551834 3.782447 3.589940 3.417320 3.325603 41.362869 47.126350 61.621910 51.894325 45.199329 40.868401 42.833076 41.403751 38.051769 42.697067 46.567883 43.939770 38.376060 38.356354 3.219942 3.361259 3.237300 3.656618 52.624432 48.073662 45.562881 54.078804 50.944801 47.880650 45.436050 52.447624 67.322784 84.477928 104.146797 117.616722 117.616722
287.347229 95.702904 5.131450 100.197311 80.661469 78.484634 76.343117 78.725845 119.271408 195.731003 0.000000 0.000000 0.000000 0.000000 214.298111 96.566055 110.482010 3.885918 3.672782 3.823735 3.412133 3.802327 0.000000 40.803528 39.523029 39.182697 41.079643 40.850006 43.612389 43.972408 44.353348 52.124763 54.872349 43.598583 40.625645 47.524151 40.985100 38.524376 41.062069 43.352520 43.504963 40.201260 38.105682 39.610474 38.672848 38.750286 3.169042 3.270925 3.290285 3.478064 49.830833 49.830833 55.577579 58.280258 56.030945 58.571095 75.917389 82.227020 92.726227 86.544518
359.173340 154.009888 124.989906 110.460823 86.396660 76.343117 77.983559 95.340096 162.411850 0.000000 0.000000 0.000000 198.670883 163.330124 5.771695 113.510735 109.702118 3.547002 3.435792 3.351390 41.967705 40.424362 40.139980 39.492405 39.650013 38.373928 38.186501 42.863907 53.000839 54.465752 47.993141 48.865211 46.092060 46.783928 42.827816 42.499897 40.345505 39.038696 41.637409 42.531647 43.084518 42.008415 39.610317 39.610317 42.785446 47.617764 40.984467 39.604145 38.031731 3.111727 3.215909 3.935972 59.943619 49.263519 52.700909 51.262478 57.438698 71.998779 81.986450 85.574402
167.284409 214.781052 170.424408 130.454407 101.451790 86.852158 86.488655 114.730980 207.369370 0.000000 0.000000 186.846817 159.057892 4.668319 3.817158 3.916537 109.421471 41.107525 3.520339 3.357829 40.971107 40.436565 39.853333 41.895401 41.429695 41.696255 42.221432 39.619152 57.673874 61.947811 58.875980 52.645882 45.785511 47.737713 47.737713 44.359390 40.878178 39.018192 38.160126 38.592220 40.794064 44.588581 45.166111 42.660965 49.262436 42.437084 43.039337 43.566811 75.274673 80.891373 3.020391 3.275906 3.637441 3.515436 3.612818 3.593945 51.614384 70.137138 86.080742 110.650291
224.626831 257.510406 214.089691 159.398209 152.884598 120.502121 115.359566 139.684875 262.445709 211.418869 158.271133 133.553131 4.461094 111.068016 4.375518 110.341820 108.101501 42.930347 3.347976 3.312869 40.815258 41.376381 42.470688 45.515167 43.893951 39.757553 39.757553 47.473885 39.100307 47.259560 66.941902 68.985481 59.282841 46.869774 46.114796 44.113029 41.693348 41.052227 40.032600 37.934414 40.756153 42.067917 44.594505 43.762646 42.443657 74.782150 3.209359 208.991577 72.283699 78.236481 3.145628 39.095001 3.161084 3.241217 3.323152 3.260746 3.490387 60.154598 120.252693 780.564087
255.089050 218.974274 231.765945 177.571915 188.516632 140.920029 153.127777 256.995239 215.069305 175.267639 107.186974 0.000000 0.000000 3.924154 3.677650 109.341370 107.529510 56.675060 56.675060 42.203560 3.144088 3.247630 43.576389 46.840736 49.833241 44.609638 38.287819 46.567883 39.738529 41.744331 69.666893 82.529945 68.397163 53.578178 50.150749 43.975956 42.546017 42.084213 39.593651 39.098202 39.218979 39.542339 41.473675 41.214912 44.136429 77.020546 76.734901 72.256523 69.147850 75.269180 77.217140 3.180289 3.148759 39.291988 42.257435 43.413933 3.483200 3.219476 3.517862 6.503194
687.077759 134.743561 140.813583 154.799377 176.849854 170.232788 264.138702 308.869415 163.302917 163.302917 110.783058 53.278381 3.791307 109.321800 3.528642 3.624823 107.676949 0.000000 68.824440 42.760933 38.022419 3.177819 43.048786 47.737507 51.786407 46.264191 40.327438 41.984772 53.692646 37.517700 67.587280 89.677925 90.181183 75.148109 66.466377 50.159142 43.571621 40.490627 40.708935 40.767376 40.435287 39.135593 40.057213 39.646576 75.542984 75.587692 76.763222 72.250160 69.147850 72.420456 73.798485 73.048683 226.363068 38.824757 44.603989 50.462246 46.870773 47.595894 45.460705 3.187366
92.767258 46.835068 63.504169 82.933594 98.330055 123.821442 161.846176 226.479141 90.039185 73.630089 54.802490 3.802123 3.627238 3.579887 3.581921 3.709275 0.000000 67.329956 58.924702 41.347366 38.117771 3.233094 43.167706 50.106441 43.590439 44.962124 44.096928 37.020542 54.079800 41.814373 52.958225 76.244881 71.233925 71.670067 77.059479 65.403366 49.719170 44.930687 42.399738 41.555092 41.519958 41.244755 39.264687 75.280502 75.501640 40.281265 46.556400 43.144516 46.695557 41.054592 71.354042 71.199585 3.273229 38.606644 43.875908 63.087540 61.952717 44.666931 49.403080 3.488490
44.008236 48.304932 50.470459 57.886112 73.379974 90.960754 156.512421 165.549561 46.811256 3.811539 4.030074 111.355003 3.708255 3.371869 3.555746 107.995789 81.504501 64.058456 57.354939 41.150158 39.848045 3.356183 3.804771 53.253544 43.349056 43.970692 43.962143 39.398731 47.069332 50.373001 43.470387 63.386562 52.645882 52.269386 58.974007 58.003067 52.832481 48.971691 46.250999 41.218372 41.179386 42.314964 38.681198 38.538708 39.602757 230.331055 44.965267 44.438152 46.893658 41.705902 47.931164 222.673782 203.337433 43.068947 42.999187 42.256828 84.522133 79.974159 44.819042 47.704277
