FB/MTT/SampleData/Outputs/NoBarriers_FLAMELENGTH.asc
NCOLS 84
NROWS 94
XLLCORNER -2098.000000
YLLCORNER 3210.000000
CELLSIZE 30.000000
NODATA_VALUE -1
[rows 0 to 27 of 94, columns 0 to 62 of 84]
0.691612 0.624481 0.535220 0.450188 0.418355 0.429576 0.445946 0.446368 0.432784 0.427456 0.433331 0.439997 0.448501 0.450438 0.451443 0.995213 0.440332 0.442077 0.440985 0.447661 0.576641 0.434775 1.040463 0.650114 0.614546 0.580843 0.551914 0.544042 0.652973 0.627903 0.667200 0.627504 0.523443 0.128659 0.137460 0.138644 0.138606 0.140942 0.469579 0.479872 0.491771 0.468251 0.450765 0.444544 0.446095 0.464140 0.605152 0.611934 0.621966 0.653058 0.664625 0.622562 0.619856 0.462943 0.462943 0.478866 0.496605 0.453731 0.500625 0.466049 0.490622 0.541176 0.469599
0.504302 0.443805 0.415399 0.413859 0.436604 0.453813 0.453579 0.481242 0.418408 0.924193 0.432127 0.442649 0.448501 0.450438 0.447096 0.974140 0.439211 0.443483 0.445377 0.580734 0.577735 0.902878 1.086575 0.652614 0.606214 0.571960 0.560629 0.540898 0.643768 0.640583 0.717349 0.669050 0.591254 0.469946 0.136406 0.139405 0.140321 0.140946 0.143051 0.146233 0.474096 0.464121 0.447392 0.452262 0.464358 0.512649 0.512649 0.566432 0.607078 0.617168 0.628540 0.641781 0.628393 0.484338 0.455837 0.493005 0.517175 0.461201 0.497603 0.428437 0.468056 0.580498 0.539260
0.885510 0.412982 0.420642 0.429808 0.450096 0.458460 0.441927 0.933508 0.914510 0.929949 0.433250 0.442649 0.445251 0.446163 0.972548 0.439211 0.441196 0.449027 0.447123 0.141191 0.961590 0.908865 0.879073 0.684993 0.686439 0.563809 0.561207 0.576029 0.590922 0.686316 0.775725 0.687999 0.602743 0.534809 0.128639 0.138651 0.140375 0.136268 0.136028 0.138260 0.147553 0.146502 0.467776 0.453938 0.462368 0.518911 0.549415 0.621133 0.448748 0.616285 0.619320 0.626817 0.471981 0.473291 0.461414 0.487822 0.517711 0.472218 0.486071 0.487942 0.471206 0.544601 0.577737
0.421796 0.927443 0.428631 0.433638 0.449244 0.451191 0.430845 0.914510 0.928953 0.429756 0.436411 0.441825 0.442184 0.437545 0.964908 0.442624 0.446946 0.451443 0.447954 0.978657 0.953574 0.921955 0.632532 0.719642 0.636262 0.541823 0.530417 0.569892 0.629892 0.629892 0.802147 0.000000 0.736749 0.602513 0.549859 0.449749 0.134899 0.135970 0.135957 0.137951 0.141810 0.144936 0.489193 0.470113 0.464514 0.523543 0.574387 0.517445 0.447192 0.436101 0.610791 0.620489 0.473787 0.465852 0.465805 0.465440 0.483526 0.492864 0.507905 0.503142 0.438052 0.480698 0.564306
0.959456 0.947800 0.430246 0.434648 0.442826 0.440245 0.429516 0.939842 0.931986 0.955324 0.944277 0.964629 0.960540 0.963452 0.441013 0.447096 0.492840 0.454250 0.994338 0.992925 0.906824 0.906824 0.916437 1.198593 1.237177 1.012402 0.723405 0.527661 0.636262 0.713282 0.000000 0.000000 0.708322 0.597010 0.539832 0.466390 0.129919 0.135023 0.135957 0.137951 0.139464 0.142090 0.522232 0.510677 0.478340 0.555675 0.561475 0.562949 0.473461 0.453280 0.610791 0.618959 0.469022 0.452282 0.471944 0.450426 0.481440 0.492865 0.470479 0.404502 0.448114 0.457212 0.447541
0.439840 0.434547 0.434547 0.438688 0.437724 0.433933 0.426921 0.942892 0.421879 0.925175 0.943011 0.429255 0.429255 0.433086 0.436740 0.476310 0.485575 0.454958 0.455325 0.442431 0.576764 0.605880 1.379208 1.369106 0.747201 0.719004 0.682228 1.125093 0.842649 0.645624 0.695945 0.810227 0.665043 0.592635 0.536495 0.469135 0.127079 0.133488 0.135957 0.136827 0.151014 0.145446 0.150553 0.495842 0.489999 0.516416 0.548332 0.565752 0.575265 0.427229 0.502795 0.618593 0.460576 0.454964 0.470931 0.469742 0.503588 0.504698 0.483290 0.433140 0.448682 0.463684 0.437629
0.436357 0.438214 0.438119 0.434648 0.434648 0.433177 0.428769 0.944422 0.419920 0.421308 0.421584 0.426728 0.945915 0.438562 0.438436 0.451443 0.492840 0.454958 0.450928 0.581470 0.605442 1.060321 0.795254 0.756286 0.747566 0.753739 0.776843 0.901326 0.760610 0.000000 0.556254 0.779165 0.642304 0.553269 0.483859 0.450645 0.420943 0.130132 0.136517 0.136827 0.141615 0.671120 0.142654 0.151543 0.487789 0.479243 0.517094 0.565528 0.463013 0.385126 0.504735 0.360949 0.449490 0.457488 0.481689 0.498064 0.488493 0.522550 0.483799 0.473656 0.143559 0.141510 0.435784
0.440799 0.438258 0.432881 0.428989 0.425889 0.441552 0.929774 0.911029 0.418153 0.421796 0.424428 0.430968 0.437011 0.441338 0.446163 0.454841 0.453203 0.477352 0.583541 0.600762 0.577980 0.729963 0.000000 0.794674 0.871372 0.882407 0.863832 0.816602 0.876419 0.612276 0.632764 0.726496 0.535093 0.401892 0.408643 0.386257 0.424496 0.417876 0.133740 0.136847 0.136827 0.671546 0.150650 0.149829 0.502884 0.481968 0.531059 0.587930 0.503505 0.396539 0.514299 0.424892 0.446726 0.460130 0.469341 0.441578 0.441578 0.448494 0.476031 0.525996 0.147825 0.143282 0.144749
0.444532 0.437145 0.429992 0.423171 0.423133 0.922022 0.904734 0.417327 0.422998 0.929949 0.942727 0.433436 0.435519 0.443049 0.451443 0.458543 0.140179 0.586215 0.604362 0.624402 1.604899 0.925657 0.000000 0.782635 0.835467 0.876952 0.868691 0.831796 0.857183 0.655260 0.443632 0.478698 0.481235 0.439020 0.454304 0.420865 0.439933 0.435219 0.129604 0.136804 0.137951 0.144956 0.667538 0.503019 0.533263 0.544888 0.537527 0.579848 0.579848 0.495474 0.437285 0.516010 0.495913 0.466547 0.461829 0.461703 0.424224 0.438949 0.480216 0.146334 0.144628 0.140367 0.676166
0.438214 0.457536 0.443083 0.422941 0.421565 0.921830 0.418570 0.418408 0.947199 0.928953 0.932837 0.953274 0.460048 0.447096 0.460842 0.584531 0.136062 0.855995 0.643512 0.716883 0.866611 0.987167 0.000000 0.795254 0.885191 0.901580 0.916828 0.886653 0.885553 0.696690 0.468553 0.413014 0.443120 0.485479 0.496812 0.459636 0.419903 0.404594 0.126996 0.135652 0.135652 0.136827 0.139463 0.144957 0.151406 0.486414 0.545857 0.570890 0.562815 0.478868 0.569817 0.561657 0.458205 0.492120 0.453239 0.509216 0.483049 0.480587 0.152246 0.146800 0.145700 0.141742 0.668784
0.426422 0.427282 0.429482 0.431929 0.431621 0.431473 0.431988 0.944341 0.935217 0.416991 0.420589 0.938496 0.441864 0.490220 0.461846 0.613152 1.039510 1.878902 2.578828 0.928828 0.909636 0.922033 0.852957 0.882209 0.854231 0.853071 0.905634 0.881537 0.812769 0.630806 0.536610 0.536610 0.504735 0.465277 0.417371 0.523137 0.547491 0.518788 0.476260 0.463647 0.132701 0.136842 0.139463 0.144963 0.436614 0.464624 0.526823 0.534760 0.544920 0.481370 0.475970 0.531618 0.468775 0.483595 0.466203 0.545553 0.492073 0.000000 0.147788 0.138189 0.150935 0.666943 0.463913
0.435455 0.442868 0.443034 0.445742 0.448658 0.448205 0.487343 0.434713 0.414798 0.896305 0.918793 0.437144 0.447802 0.459677 0.600497 0.676051 0.868691 1.003666 1.003666 0.907691 0.847867 0.906249 0.882209 0.000000 0.848068 0.728196 0.810110 0.667198 0.577664 0.585379 0.490836 0.530653 0.606421 0.624514 0.436770 0.454219 0.547406 0.526274 0.561345 0.506920 0.127372 0.135842 0.141615 0.144956 0.446944 0.466414 0.532760 0.525821 0.505203 0.441017 0.442232 0.484442 0.438120 0.497392 0.143536 0.145685 0.147265 0.000000 0.145120 0.137357 0.138833 0.432235 0.438684
0.454250 0.452543 0.444010 0.445608 0.445807 0.442520 0.439629 0.425728 0.411486 0.425966 0.434802 0.446389 0.458884 1.717153 0.626145 0.670091 0.794248 0.960963 0.948426 0.929433 0.882386 0.912816 0.999482 0.865632 0.689921 0.579149 0.495295 0.554275 0.444363 0.443367 0.446087 0.470638 0.530011 0.662493 0.586260 0.428429 0.481648 0.469339 0.604215 0.555220 0.129878 0.137649 0.137951 0.137951 0.447645 0.466414 0.534549 0.505162 0.474812 0.459350 0.459024 0.404816 0.539879 0.141940 0.146431 0.138235 0.139463 0.144956 0.139178 0.134600 0.134299 0.428227 0.438880
0.461210 0.454201 0.438149 0.431391 0.136521 0.133227 0.133227 0.130192 0.424046 0.426497 0.451703 0.451437 0.483077 0.624101 0.634923 0.864776 0.853912 0.889940 0.971328 0.980835 1.015410 1.059607 0.000000 0.710601 0.608564 0.541919 0.576554 0.449236 0.427923 0.450081 0.432890 0.422228 0.463701 0.535028 0.591574 0.459063 0.395905 0.425452 0.560168 0.573425 0.454514 0.141270 0.141615 0.139463 0.429692 0.469313 0.530377 0.490251 0.472950 0.497166 0.536504 0.510984 0.496278 0.152817 0.151277 0.141615 0.141615 0.144279 0.135570 0.426831 0.421941 0.416425 0.422241
0.979037 0.441214 0.460288 0.460895 0.448137 0.428929 0.129371 0.127495 0.453744 0.449674 0.508505 0.548649 0.601953 1.811038 0.726549 0.906338 0.889940 0.971791 0.999484 0.973634 1.007731 0.000000 0.882407 0.725671 0.620681 0.593904 0.402420 0.392056 0.426591 0.444524 0.461614 0.459515 0.432070 0.511807 0.596623 0.469422 0.450880 0.481473 0.547244 0.640080 0.457526 0.144508 0.144956 0.141615 0.465277 0.463385 0.529037 0.506060 0.493747 0.545059 0.569091 0.598925 0.147256 0.145609 0.141615 0.144956 0.665619 0.147841 0.426960 0.426960 0.427676 0.422603 0.417679
0.427708 0.887747 0.456002 0.504006 0.504018 0.468765 0.453326 0.606850 0.479795 0.507372 0.597876 1.064287 0.774711 1.464916 1.435185 0.805723 0.966028 1.016769 0.901580 0.868691 0.907691 0.892927 0.802232 0.655777 0.615749 0.446472 0.452915 0.398138 0.419147 0.453486 0.476090 0.433504 0.431563 0.487507 0.623858 0.483462 0.428428 0.548924 0.578490 0.641196 0.428774 0.676164 0.141615 0.136827 0.445174 0.454595 0.512028 0.528514 0.545583 0.533068 0.533068 0.524155 0.681640 0.138233 0.139188 0.144710 0.665746 0.000000 0.494756 0.439489 0.422259 0.417577 0.418641
0.420212 0.420121 0.450953 0.499142 0.520235 0.489370 0.452002 0.613612 0.508863 0.571027 0.670503 0.728740 1.389845 0.871886 0.926041 0.892927 0.954330 0.865632 0.948684 0.000000 0.993499 0.922629 0.786940 0.568971 0.516695 0.424208 0.449891 0.444057 0.435619 0.458629 0.459161 0.449806 0.432154 0.467945 0.582953 0.521298 0.460934 0.511798 0.474617 0.500548 0.588155 0.150260 0.150260 0.139462 0.137951 0.464206 0.447533 0.482621 0.523986 0.549304 0.484106 0.470605 0.139629 0.137188 0.138090 0.000000 0.146347 0.477165 0.509314 0.440511 0.418837 0.421054 0.419714
0.420212 0.472662 0.454513 0.489221 0.518110 0.495576 0.452709 0.440252 0.557420 0.513953 1.272899 0.737030 0.705059 1.406135 0.926041 0.868691 0.781367 0.899598 0.875424 0.963339 0.880686 0.747923 0.626756 0.524666 0.468219 0.412479 0.462551 0.491467 0.368751 0.512184 0.421491 0.436761 0.435745 0.467441 0.467441 0.593170 0.601747 0.542039 0.499313 0.465369 0.461089 0.143885 0.150850 0.138102 0.139463 0.430284 0.567961 0.474275 0.494158 0.512051 0.147270 0.141105 0.000000 0.663660 0.000000 0.649310 0.468753 0.451398 0.458752 0.436169 0.432909 0.430992 0.429041
0.460840 0.517356 0.465516 0.964144 0.529025 0.500694 0.455092 0.450243 0.493818 0.748403 0.739048 0.851240 0.804106 0.827950 0.858536 0.796093 0.746666 0.775064 0.870417 0.822589 0.665602 0.562087 0.584666 0.533695 0.461159 0.461159 0.386174 0.427384 0.502538 0.448438 0.417772 0.406549 0.437943 0.472758 0.478309 0.595328 0.662493 0.670057 0.451840 0.380487 0.455451 0.408226 0.140620 0.141995 0.139746 0.152120 0.677584 0.679793 0.147778 0.680439 0.152749 0.142021 0.661068 0.657102 0.654867 0.488913 0.445377 0.439211 0.442407 0.435013 0.435112 0.429125 0.435252
0.508672 0.528888 0.475452 0.946087 0.553514 0.518295 0.474642 0.622560 0.927966 1.112264 0.994116 0.887733 0.819854 0.836560 0.890039 0.821147 0.701070 0.701070 0.662954 0.757992 0.608963 0.561114 0.542868 0.491345 0.514299 0.492502 0.406517 0.404816 0.470025 0.468224 0.452002 0.412612 0.459421 0.456143 0.591842 0.683859 0.787000 0.749561 0.565486 0.442379 0.429310 0.406413 0.430370 0.430133 0.142824 0.146819 0.146859 0.677492 0.675306 0.000000 0.151268 0.141356 0.584573 0.461012 0.438514 0.463372 0.470417 0.441452 0.437401 0.436474 0.431909 0.430914 0.430658
0.535935 0.563429 0.520994 0.509878 0.608106 0.668810 0.634673 0.609941 1.099396 1.099396 0.000000 0.933257 0.907691 0.848387 0.944627 0.785004 0.820356 0.774950 0.577529 0.610771 0.590121 0.526128 0.505758 0.441732 0.494153 0.542153 0.460878 0.555305 0.436460 0.510000 0.572131 0.443966 0.461807 0.492919 0.372998 0.470681 0.686298 0.631235 0.619951 0.490983 0.524257 0.363677 0.432003 0.453447 0.139731 0.676246 0.151530 0.145514 0.145514 0.142209 0.142008 0.573517 0.500367 0.420486 0.429377 0.464309 0.515354 0.467268 0.438626 0.436033 0.426037 0.428293 0.443696
0.582294 0.529411 0.610660 0.601667 0.979026 0.755040 0.790568 0.731680 0.907251 0.000000 0.000000 0.840320 0.932656 0.887614 0.826159 0.623397 0.667799 0.746458 0.642963 0.523976 0.539164 0.522777 0.480209 0.447134 0.517956 0.519237 0.431102 0.557374 0.445966 0.529621 0.640837 0.558198 0.386469 0.486117 0.484080 0.421383 0.477551 0.508988 0.557599 0.651132 0.608622 0.571883 0.504168 0.141833 0.141851 0.000000 0.671509 0.141467 0.140905 0.138935 0.136874 0.484335 0.450734 0.413404 0.416643 0.446280 0.540166 0.521141 0.454390 0.428454 0.454067 0.454067 0.467653
0.599139 0.518623 0.663560 0.689705 1.089679 1.470118 0.960106 0.911979 0.873404 0.876270 0.836049 0.933924 0.853768 0.820719 0.734643 0.653889 0.626569 0.626084 0.664160 0.547976 0.503273 0.565545 0.453662 0.469962 0.565454 0.517336 0.411590 0.495413 0.445146 0.441503 0.574690 0.664167 0.480329 0.525809 0.577983 0.376624 0.451384 0.465306 0.526286 0.533068 0.512306 0.543051 0.147455 0.144382 0.000000 0.671546 0.667891 0.665775 0.148609 0.455012 0.478671 0.460934 0.440197 0.440197 0.401680 0.405174 0.441597 0.509931 0.549956 0.504201 0.468673 0.457421 0.455780
0.618220 0.502910 0.403566 1.346913 0.781999 0.798651 0.969313 0.980623 0.882016 0.637955 0.804524 0.780795 0.736191 0.656333 0.705572 0.657527 0.580093 0.607110 0.617696 0.539728 0.557824 0.594887 0.450242 0.478801 0.579425 0.531645 0.427930 0.482177 0.553842 0.448218 0.465033 0.645985 0.609296 0.503732 0.497971 0.404252 0.432080 0.465306 0.438052 0.432695 0.140692 0.139710 0.141251 0.675077 0.675077 0.150352 0.139625 0.142678 0.148094 0.443482 0.451071 0.453809 0.498971 0.491376 0.462863 0.420943 0.420845 0.477618 0.596226 0.550158 0.502044 0.479786 0.498988
0.626630 0.684624 0.634954 0.644539 0.956252 0.823932 0.880756 0.980623 0.926723 0.749939 0.604328 0.679182 0.697572 0.511538 0.582327 0.497373 0.538258 0.558744 0.580652 0.543698 0.532067 0.582862 0.423221 0.514954 0.508283 0.532003 0.498404 0.377162 0.577075 0.453166 0.408700 0.539974 0.607268 0.538382 0.388972 0.403099 0.403099 0.449499 0.458441 0.448576 0.447847 0.138089 0.137920 0.138224 0.670139 0.148702 0.136200 0.438514 0.442289 0.439137 0.457721 0.485029 0.476842 0.507167 0.465609 0.454683 0.437443 0.478295 0.520993 0.538122 0.515663 0.489370 0.484042
0.679462 0.871372 0.801154 0.782635 1.008932 0.832516 0.827478 0.848684 1.396393 0.786539 0.623786 0.555839 0.662914 0.580252 0.479782 0.511065 0.464278 0.499369 0.545501 0.576491 0.554978 0.560684 0.431661 0.498866 0.447575 0.545168 0.656513 0.656513 0.475081 0.499303 0.466988 0.366983 0.463724 0.534338 0.470681 0.403894 0.458433 0.456247 0.472095 0.680975 0.449074 0.454735 0.137636 0.141376 0.000000 0.461084 0.433437 0.431939 0.438901 0.426166 0.429523 0.450614 0.132861 0.135368 0.135583 0.139825 0.448442 0.459962 0.480445 0.527268 0.498195 0.513805 0.515405
0.890770 0.902909 0.871372 0.829122 0.716918 0.770608 0.688256 1.350741 0.699001 0.671620 0.560259 0.456667 0.519917 0.570726 0.539246 0.571877 0.428410 0.485837 0.476770 0.476770 0.541650 0.528431 0.537974 0.534292 0.564601 0.443774 0.526687 0.580702 0.558628 0.548372 0.455415 0.382069 0.455904 0.470598 0.511487 0.516695 0.429561 0.438052 0.472472 0.435405 0.454207 0.451177 0.139369 0.602480 0.000000 0.136351 0.135707 0.136837 0.142418 0.138866 0.132749 0.131675 0.129322 0.128981 0.129891 0.133360 0.454955 0.456829 0.461305 0.486982 0.487507 0.484796 0.514059
0.944122 0.925380 0.882407 0.825831 0.659158 0.705129 0.612623 0.649011 0.589296 0.552500 0.504914 0.504914 0.918848 0.429656 0.575954 0.702270 0.559953 0.521530 0.471317 0.385517 0.434051 0.477432 0.457117 0.606808 0.628714 0.520650 0.555615 0.536287 0.584529 0.528886 0.507422 0.432218 0.416934 0.441172 0.530170 0.522875 0.453521 0.575487 0.456446 0.451682 0.447259 0.464347 0.000000 0.000000 0.149379 0.434948 0.443049 0.459020 0.474134 0.449030 0.494505 0.432065 0.431766 0.415232 0.411731 0.128699 0.135144 0.140947 0.467730 0.466465 0.494018 0.481896 0.494153
