FB/MTT/SampleData/Outputs/NoBarriers_ArrivalTime.asc
ncols 84
nrows 94
xllcorner -2098.000000
yllcorner 3210.000000
cellsize 30.000000
NODATA_VALUE -9999
[rows 24 to 47 of 94, columns 0 to 52 of 84]
-9999.000000 -9999.000000 -9999.000000 -9999.000000 -9999.000000 -9999.000000 -9999.000000 -9999.000000 -9999.000000 -9999.000000 -9999.000000 -9999.000000 -9999.000000 -9999.000000 -9999.000000 -9999.000000 -9999.000000 -9999.000000 -9999.000000 -9999.000000 -9999.000000 -9999.000000 -9999.000000 -9999.000000 -9999.000000 -9999.000000 -9999.000000 -9999.000000 -9999.000000 -9999.000000 -9999.000000 -9999.000000 -9999.000000 -9999.000000 -9999.000000 -9999.000000 -9999.000000 -9999.000000 -9999.000000 -9999.000000 -9999.000000 -9999.000000 -9999.000000 -9999.000000 -9999.000000 -9999.000000 -9999.000000 -9999.000000 -9999.000000 -9999.000000 -9999.000000 -9999.000000 -9999.000000
-9999.000000 -9999.000000 -9999.000000 -9999.000000 -9999.000000 -9999.000000 -9999.000000 -9999.000000 -9999.000000 -9999.000000 -9999.000000 -9999.000000 -9999.000000 -9999.000000 -9999.000000 -9999.000000 -9999.000000 -9999.000000 -9999.000000 -9999.000000 -9999.000000 -9999.000000 -9999.000000 -9999.000000 896.261786 896.261786 887.058779 883.489824 878.060202 876.199536 -9999.000000 -9999.000000 -9999.000000 -9999.000000 -9999.000000 -9999.000000 -9999.000000 -9999.000000 -9999.000000 -9999.000000 -9999.000000 -9999.000000 -9999.000000 -9999.000000 -9999.000000 -9999.000000 -9999.000000 -9999.000000 -9999.000000 -9999.000000 -9999.000000 -9999.000000 -9999.000000
-9999.000000 -9999.000000 -9999.000000 -9999.000000 -9999.000000 -9999.000000 -9999.000000 -9999.000000 -9999.000000 -9999.000000 -9999.000000 -9999.000000 -9999.000000 886.863807 872.141186 852.733574 845.315570 856.658497 870.734439 -9999.000000 -9999.000000 -9999.000000 -9999.000000 875.900466 874.856187 864.271268 859.416694 864.598813 859.157063 856.288847 876.170932 895.812699 -9999.000000 -9999.000000 -9999.000000 -9999.000000 -9999.000000 -9999.000000 -9999.000000 -9999.000000 -9999.000000 -9999.000000 -9999.000000 -9999.000000 -9999.000000 -9999.000000 -9999.000000 -9999.000000 -9999.000000 -9999.000000 -9999.000000 -9999.000000 -9999.000000
-9999.000000 -9999.000000 -9999.000000 -9999.000000 -9999.000000 -9999.000000 -9999.000000 -9999.000000 -9999.000000 -9999.000000 -9999.000000 -9999.000000 -9999.000000 882.512170 867.789548 847.513768 836.846711 839.360493 843.904342 868.256580 895.891834 887.531654 867.978962 848.355709 833.835587 816.366015 817.196933 824.077503 821.534748 830.460471 862.615945 882.975782 -9999.000000 -9999.000000 -9999.000000 -9999.000000 -9999.000000 -9999.000000 -9999.000000 -9999.000000 -9999.000000 -9999.000000 -9999.000000 -9999.000000 -9999.000000 -9999.000000 -9999.000000 -9999.000000 -9999.000000 -9999.000000 -9999.000000 -9999.000000 -9999.000000
-9999.000000 -9999.000000 -9999.000000 -9999.000000 -9999.000000 -9999.000000 -9999.000000 -9999.000000 -9999.000000 -9999.000000 -9999.000000 -9999.000000 -9999.000000 880.597151 864.677566 840.484311 821.419600 808.077366 809.398056 834.443898 853.566741 851.686379 848.814737 820.719094 781.520150 759.881247 764.044919 779.338687 784.433216 803.094973 840.730329 869.515798 886.224256 -9999.000000 -9999.000000 -9999.000000 -9999.000000 -9999.000000 -9999.000000 -9999.000000 -9999.000000 -9999.000000 -9999.000000 -9999.000000 -9999.000000 -9999.000000 -9999.000000 -9999.000000 -9999.000000 -9999.000000 -9999.000000 -9999.000000 -9999.000000
-9999.000000 -9999.000000 -9999.000000 -9999.000000 -9999.000000 -9999.000000 -9999.000000 -9999.000000 -9999.000000 -9999.000000 -9999.000000 -9999.000000 -9999.000000 883.033770 869.890613 846.493952 811.643003 785.692251 773.238149 768.023908 764.270153 766.389896 785.338571 778.604585 741.566083 716.691003 716.329204 731.868684 749.170074 778.905868 822.478394 865.181940 884.317879 -9999.000000 -9999.000000 -9999.000000 -9999.000000 -9999.000000 -9999.000000 -9999.000000 -9999.000000 -9999.000000 850.622324 854.275253 861.599995 889.892667 890.957271 892.021874 -9999.000000 -9999.000000 -9999.000000 -9999.000000 -9999.000000
-9999.000000 -9999.000000 -9999.000000 -9999.000000 -9999.000000 -9999.000000 -9999.000000 -9999.000000 -9999.000000 -9999.000000 -9999.000000 -9999.000000 -9999.000000 -9999.000000 878.819280 855.295129 809.548037 771.348793 741.132882 710.142015 684.261792 676.812736 691.709980 699.298851 681.867519 663.048466 662.057394 679.608399 707.168540 745.757792 801.676101 787.931833 687.697094 573.216874 559.311662 552.068679 551.220828 564.315987 -9999.000000 -9999.000000 -9999.000000 759.180435 836.748483 844.802487 862.699538 886.424181 890.011715 893.224199 -9999.000000 -9999.000000 -9999.000000 -9999.000000 -9999.000000
-9999.000000 -9999.000000 -9999.000000 -9999.000000 -9999.000000 -9999.000000 -9999.000000 -9999.000000 -9999.000000 -9999.000000 -9999.000000 -9999.000000 -9999.000000 -9999.000000 876.970057 853.178096 808.126038 764.427030 720.193394 675.594861 637.736295 616.928721 607.090228 599.128780 593.380859 591.162261 596.929712 620.073049 663.896002 721.437279 778.180390 674.413061 587.401751 569.474050 553.145784 544.608750 545.597836 558.037198 -9999.000000 588.360559 598.894221 672.574461 762.104911 793.647677 827.161941 852.297489 863.302522 869.605684 877.341139 887.305526 -9999.000000 -9999.000000 -9999.000000
-9999.000000 -9999.000000 -9999.000000 -9999.000000 -9999.000000 -9999.000000 -9999.000000 -9999.000000 -9999.000000 -9999.000000 -9999.000000 -9999.000000 -9999.000000 -9999.000000 880.671843 856.612071 812.513552 769.930806 722.721755 672.753546 623.971470 588.233685 557.742997 520.496817 502.001618 511.202756 526.103348 555.289457 649.471212 753.075293 785.465114 -9999.000000 -9999.000000 -9999.000000 538.438345 535.445515 -9999.000000 -9999.000000 570.449579 580.004932 592.267429 635.595763 698.562220 746.524704 786.696248 818.456637 839.181394 858.868247 875.134999 887.305526 -9999.000000 -9999.000000 -9999.000000
-9999.000000 -9999.000000 -9999.000000 -9999.000000 -9999.000000 -9999.000000 -9999.000000 -9999.000000 -9999.000000 -9999.000000 -9999.000000 -9999.000000 -9999.000000 -9999.000000 887.204738 861.261286 832.063223 793.345458 744.474041 694.439511 640.598606 589.802878 541.476628 474.779554 429.511201 426.497897 451.444643 488.060145 552.820495 658.539990 -9999.000000 -9999.000000 546.928761 531.389635 523.173920 533.340321 551.635368 560.191738 576.411829 594.286614 611.284465 650.970260 700.162073 741.521652 781.238348 816.521105 845.041160 862.482791 870.722720 -9999.000000 -9999.000000 -9999.000000 -9999.000000
-9999.000000 -9999.000000 -9999.000000 -9999.000000 -9999.000000 -9999.000000 -9999.000000 -9999.000000 -9999.000000 -9999.000000 -9999.000000 -9999.000000 -9999.000000 889.139141 893.885587 865.095110 832.253047 802.725640 767.779840 717.144464 655.338466 591.382075 512.811141 426.959339 368.547862 337.677526 397.761222 378.134997 281.951615 -9999.000000 586.741341 555.447463 540.614407 521.509617 512.533989 519.488077 528.026957 537.547190 567.550328 593.224584 610.517723 644.690180 686.030902 726.469518 769.089969 810.629680 849.006644 867.741185 -9999.000000 -9999.000000 -9999.000000 -9999.000000 -9999.000000
-9999.000000 -9999.000000 -9999.000000 -9999.000000 -9999.000000 -9999.000000 -9999.000000 -9999.000000 -9999.000000 -9999.000000 -9999.000000 -9999.000000 -9999.000000 872.220414 870.641352 845.378186 796.946136 767.051189 758.674733 729.504791 668.426270 585.041070 474.614709 375.313243 305.516433 254.609668 269.995120 206.389810 104.071146 -9999.000000 -9999.000000 -9999.000000 -9999.000000 -9999.000000 318.825412 390.649841 457.773516 492.231554 521.212832 540.697007 568.737950 600.463120 640.370284 691.164847 745.343025 802.101011 853.945306 877.885510 -9999.000000 -9999.000000 -9999.000000 -9999.000000 -9999.000000
-9999.000000 -9999.000000 -9999.000000 -9999.000000 -9999.000000 -9999.000000 -9999.000000 -9999.000000 -9999.000000 -9999.000000 -9999.000000 -9999.000000 -9999.000000 850.666880 839.949497 801.082672 748.862961 721.375164 726.387788 720.886183 661.514790 565.406714 451.429248 345.361476 263.243545 194.139088 139.930161 106.754587 90.527145 -9999.000000 -9999.000000 -9999.000000 -9999.000000 61.441285 109.662855 223.551331 365.523559 442.379752 452.469099 467.580072 509.102619 546.546589 599.624716 671.284380 735.737568 797.673524 858.046736 887.191996 -9999.000000 -9999.000000 -9999.000000 -9999.000000 -9999.000000
-9999.000000 -9999.000000 -9999.000000 -9999.000000 -9999.000000 -9999.000000 -9999.000000 -9999.000000 -9999.000000 -9999.000000 -9999.000000 -9999.000000 -9999.000000 841.603579 822.814908 763.297351 708.578725 692.377508 698.183490 685.959220 612.298090 524.646526 439.813708 357.047265 333.412665 236.889076 128.825583 -9999.000000 89.519165 64.378406 40.005147 -9999.000000 24.269210 39.390515 86.667769 161.339987 310.047032 403.012998 378.503643 389.257834 428.232341 476.593573 545.344065 631.577723 708.552956 772.972885 836.662923 875.110246 884.162975 881.287098 886.950388 893.974556 897.023566
-9999.000000 -9999.000000 -9999.000000 -9999.000000 -9999.000000 -9999.000000 -9999.000000 -9999.000000 -9999.000000 -9999.000000 -9999.000000 899.198007 899.198007 812.284794 787.348148 732.752447 691.469452 673.494508 667.140075 630.609350 549.665523 486.483098 442.056709 397.327341 456.710992 361.192004 -9999.000000 154.789244 -9999.000000 -9999.000000 -9999.000000 0.000000 0.000000 32.867083 77.668559 138.428145 243.818377 314.379729 317.056802 342.453754 377.806408 423.731905 488.193556 574.193789 667.274524 748.084181 815.883155 852.645351 855.854952 856.716689 867.281399 879.911339 886.798746
-9999.000000 -9999.000000 -9999.000000 -9999.000000 -9999.000000 -9999.000000 -9999.000000 -9999.000000 -9999.000000 -9999.000000 883.583216 876.115110 853.154730 790.748024 760.943923 726.589507 691.784870 657.792223 627.275183 582.157795 514.223488 468.103237 449.444610 480.342559 557.031235 -9999.000000 215.579056 -9999.000000 179.889577 -9999.000000 0.000000 0.000000 0.000000 32.945053 68.155073 120.647335 182.374665 238.939188 288.858379 349.042748 393.695891 422.379608 476.922854 551.923875 640.554167 715.664376 767.274233 796.207751 807.378337 819.391225 836.171174 857.354380 877.704001
-9999.000000 -9999.000000 -9999.000000 -9999.000000 -9999.000000 -9999.000000 -9999.000000 -9999.000000 -9999.000000 -9999.000000 872.195913 853.186358 820.212433 791.533979 766.991893 742.111381 700.917162 644.194724 582.760541 539.327349 503.271326 472.033864 461.470939 518.912485 497.290349 -9999.000000 -9999.000000 194.186395 184.014036 -9999.000000 -9999.000000 15.470558 24.416144 46.224373 71.750202 117.722395 185.579533 246.119066 292.325748 389.624387 459.287515 464.966179 504.248257 560.192815 627.923986 681.359048 712.986277 748.158498 779.614073 800.030771 818.773145 843.263016 869.050494
-9999.000000 -9999.000000 -9999.000000 -9999.000000 -9999.000000 -9999.000000 -9999.000000 -9999.000000 -9999.000000 -9999.000000 861.360212 842.305812 812.692664 797.791378 783.542907 766.212585 741.644376 682.930293 546.780427 511.465098 493.910666 478.287318 -9999.000000 495.643945 -9999.000000 234.737748 202.869904 189.324427 177.469675 165.286947 84.545010 50.280603 55.662878 68.742148 87.866067 131.725141 196.491554 253.838869 305.600331 396.919801 519.680806 566.844882 564.526021 596.155821 645.562766 691.064828 718.458086 744.961487 774.770804 797.410392 818.189243 843.754358 870.634243
-9999.000000 -9999.000000 -9999.000000 -9999.000000 -9999.000000 -9999.000000 -9999.000000 -9999.000000 -9999.000000 -9999.000000 878.158807 860.010313 826.793139 817.012353 800.504619 796.315928 788.566348 771.070489 662.699777 584.401265 498.635560 485.964753 486.670076 -9999.000000 -9999.000000 351.589008 265.402071 188.923664 -9999.000000 216.150812 129.239991 88.885545 88.992191 92.968440 104.296340 144.957286 202.749055 263.391178 328.162699 385.544334 497.688069 590.772709 613.715839 657.699272 695.235838 738.612489 766.431109 770.890484 798.561258 823.536653 838.421394 860.024288 877.959093
-9999.000000 -9999.000000 -9999.000000 -9999.000000 -9999.000000 -9999.000000 -9999.000000 -9999.000000 -9999.000000 -9999.000000 894.405801 -9999.000000 -9999.000000 838.706438 829.448620 829.786528 848.374863 877.845946 805.207480 687.048205 563.451154 494.507883 489.597611 490.327666 492.783597 501.109039 415.461575 308.250965 313.025844 261.548489 159.524147 120.098769 117.453450 120.197507 131.508528 162.450467 207.884005 273.612062 346.432840 406.211204 466.292788 539.838755 615.427860 686.167683 754.041205 821.140090 845.055939 833.972360 849.197892 865.939116 869.302493 881.313478 889.685747
-9999.000000 -9999.000000 -9999.000000 -9999.000000 -9999.000000 -9999.000000 -9999.000000 -9999.000000 -9999.000000 -9999.000000 -9999.000000 -9999.000000 -9999.000000 -9999.000000 871.591142 862.469729 864.031192 869.909136 -9999.000000 818.494762 719.320245 613.585467 -9999.000000 522.030761 516.386610 546.331874 526.856778 438.915264 346.556302 257.977272 187.002501 145.669051 141.234666 150.579346 168.831253 187.367124 219.050621 277.080986 352.399015 431.799400 492.061331 546.775287 611.565900 676.212420 750.755162 814.701991 862.961595 883.595451 878.796476 886.200338 885.324333 892.421703 899.272542
-9999.000000 -9999.000000 -9999.000000 -9999.000000 -9999.000000 -9999.000000 -9999.000000 -9999.000000 -9999.000000 -9999.000000 -9999.000000 -9999.000000 -9999.000000 894.843074 888.896184 876.655360 866.424118 865.460256 -9999.000000 864.018921 796.135375 707.195999 637.302959 574.390687 561.761386 562.077686 539.126763 457.948344 346.781383 272.769597 215.668381 173.463584 171.020204 185.254407 202.117407 213.436800 237.882499 291.152927 363.258553 443.761650 515.571866 572.003490 625.602427 682.502027 727.193502 757.981775 820.206529 858.737440 839.377512 838.248204 839.230508 -9999.000000 -9999.000000
-9999.000000 -9999.000000 -9999.000000 -9999.000000 -9999.000000 -9999.000000 -9999.000000 -9999.000000 -9999.000000 -9999.000000 -9999.000000 -9999.000000 -9999.000000 -9999.000000 882.943022 878.755347 874.887823 873.114136 -9999.000000 850.187874 802.131062 717.223328 657.177489 619.609047 592.073300 549.030620 503.516015 449.727576 368.864458 308.622693 249.927744 201.435573 204.073036 219.430049 233.783007 249.090382 268.972578 309.793456 373.205989 448.323420 517.201566 578.182041 639.376105 695.397210 733.379988 755.601876 790.144894 817.767330 820.371111 822.573262 825.406913 -9999.000000 -9999.000000
-9999.000000 -9999.000000 -9999.000000 -9999.000000 -9999.000000 -9999.000000 -9999.000000 -9999.000000 -9999.000000 -9999.000000 -9999.000000 -9999.000000 -9999.000000 -9999.000000 -9999.000000 885.994718 883.846435 881.698153 -9999.000000 861.921190 829.366054 773.542316 709.337838 656.813564 602.383816 543.434471 481.375863 435.789513 396.917880 355.349696 292.193804 234.892301 227.835711 245.884583 267.599893 286.790908 304.040727 336.237695 388.612174 451.911756 506.865861 562.846517 635.432972 700.354644 735.671592 745.355061 758.744250 774.169755 784.583314 795.450660 802.356654 840.087045 875.838140
