FB/MTT/SampleData/Outputs/NoBarriers_SPREADRATE.asc
NCOLS 84
NROWS 94
XLLCORNER -2098.000000
YLLCORNER 3210.000000
CELLSIZE 30.000000
NODATA_VALUE -1
[rows 0 to 27 of 94, columns 0 to 62 of 84]
0.739859 0.592587 0.423767 0.290927 0.248054 0.262745 0.284999 0.285587 0.267030 0.259935 0.267765 0.276800 0.288561 0.291278 0.292693 0.758659 0.277258 0.279652 0.278152 0.287388 0.831877 0.269708 0.540052 0.646741 0.572283 0.506242 0.453029 0.439099 1.090002 0.599669 0.684263 0.598840 0.403758 0.069352 0.080080 0.081587 0.081538 0.084556 0.318858 0.334248 0.352529 0.316901 0.291738 0.283055 0.285207 0.518984 0.923893 0.946550 0.980610 1.090311 1.132731 0.982653 0.973392 0.309144 0.309144 0.332726 0.360105 0.295927 0.366472 0.313671 0.350740 0.434085 0.318887
0.372348 0.282034 0.244259 0.242295 0.272180 0.296043 0.295711 0.561456 0.248123 0.645874 0.266150 0.280438 0.288561 0.291278 0.286600 0.724170 0.275725 0.281589 0.284210 0.844765 0.835313 0.613930 0.918264 0.652159 0.555548 0.489562 0.468723 0.433602 1.056875 0.626306 0.801023 0.688394 0.526177 0.319400 0.078752 0.082564 0.083748 0.084561 0.087330 0.091609 0.325564 0.310857 0.287013 0.293848 0.311202 0.644175 0.644175 0.800193 0.930299 0.964241 1.003284 1.049797 1.002770 0.341048 0.298920 0.354454 0.393322 0.306621 0.361679 0.436099 0.316615 0.505590 0.430751
0.588546 0.241181 0.251011 0.263055 0.290797 0.302673 0.279445 0.660110 0.631254 0.654651 0.267656 0.280438 0.284036 0.285301 0.721600 0.275725 0.278442 0.289298 0.286637 0.084881 0.704043 0.622814 0.579285 0.724554 1.215115 0.474524 0.469776 0.829959 0.525533 0.727600 0.949530 0.731483 0.548657 0.423060 0.069328 0.081596 0.083817 0.078578 0.078278 0.081096 0.093416 0.091975 0.316203 0.296220 0.308309 0.661405 0.748851 1.745043 0.482296 0.961243 0.971563 0.997314 0.322414 0.324363 0.306929 0.346403 0.394209 0.322767 0.343705 0.346588 0.321264 0.440080 0.500376
0.252510 0.650822 0.261491 0.268177 0.289602 0.292337 0.264436 0.631254 0.653128 0.262986 0.271919 0.279306 0.279799 0.273457 0.709334 0.280405 0.286391 0.292693 0.287797 0.731491 0.691346 0.642479 0.609320 0.806599 0.617158 0.726539 0.415543 0.485723 0.603806 0.603806 1.021248 0.000000 1.417077 0.548202 0.449369 0.290310 0.076872 0.078206 0.078189 0.080703 0.085692 0.089851 0.348523 0.319647 0.311429 0.674307 0.824823 0.657348 0.478667 0.453236 0.942712 0.975556 0.325103 0.313382 0.313313 0.312780 0.339806 0.354234 0.378157 0.370490 0.457654 0.560078 0.475432
0.700649 0.682277 0.263638 0.269537 0.280682 0.277139 0.262665 0.669886 0.657772 0.694108 0.676777 0.708889 0.702373 0.707009 0.278191 0.286600 0.591288 0.296663 0.757210 0.754873 0.619778 0.619778 0.634149 1.136588 1.217633 0.787434 0.379215 0.410864 0.617158 0.791183 0.000000 0.000000 1.300900 0.537375 0.431745 0.314169 0.070837 0.077026 0.078189 0.080703 0.082640 0.086060 0.401731 0.382658 0.554123 0.767525 0.470263 0.789536 0.541908 0.295287 0.942712 0.970334 0.318037 0.293877 0.322360 0.291261 0.336627 0.354235 0.320189 0.384866 0.480817 0.502290 0.479479
0.276585 0.269401 0.269401 0.275012 0.273701 0.268573 0.259229 0.674620 0.252618 0.647368 0.674806 0.262319 0.262319 0.267435 0.272364 0.549021 0.572504 0.297670 0.298192 0.280140 0.832263 0.926311 1.542128 1.517678 0.875262 0.805046 0.718210 0.990504 1.897545 1.063509 1.251991 1.742405 1.134281 0.528852 0.425965 0.318203 0.067513 0.075135 0.078189 0.079280 0.098244 0.090540 0.097594 0.599147 0.583904 0.654509 0.745646 0.798106 1.476992 0.433429 0.369935 0.969085 0.305718 0.297677 0.320857 0.319099 0.371204 0.372984 0.339446 0.446572 0.482142 0.310220 0.456695
0.271846 0.274367 0.274237 0.269537 0.269537 0.267558 0.261674 0.677002 0.250076 0.251877 0.252235 0.258973 0.679332 0.274840 0.274669 0.292693 0.591288 0.297670 0.291967 0.847096 0.924857 0.870714 1.673163 1.500043 1.462699 1.489081 1.590100 1.315804 1.518749 0.000000 0.769264 1.600446 1.051658 0.760319 0.568114 0.291569 0.251402 0.071089 0.078890 0.079280 0.085436 2.064823 0.086805 0.098994 0.578194 0.556399 0.656378 0.797418 0.516249 0.345913 0.373044 0.300438 0.289947 0.301280 0.337005 0.362409 0.347440 0.402262 0.567961 0.542394 0.088007 0.085299 0.452520
0.277898 0.274427 0.267160 0.261966 0.257868 0.465641 0.654384 0.626042 0.247794 0.252510 0.255948 0.264600 0.272733 0.278637 0.285301 0.297502 0.295178 0.551638 0.853670 0.909385 0.836083 1.388857 0.000000 1.670511 2.040972 2.097581 2.002775 1.772344 2.066759 0.947702 1.017996 2.453227 0.707064 0.379487 0.393482 0.348124 0.256038 0.247437 0.075444 0.079306 0.079280 2.067679 0.097731 0.096576 0.617799 0.563299 0.695528 0.867688 0.619458 0.368585 0.388582 0.428291 0.286085 0.305075 0.318507 0.465700 0.465700 0.481703 0.548323 0.408050 0.093790 0.087637 0.089599
0.283039 0.272914 0.263300 0.254304 0.254254 0.642581 0.616677 0.246731 0.254078 0.654651 0.674363 0.267905 0.270711 0.280991 0.292693 0.302792 0.083563 0.862194 0.921274 0.988980 1.673953 2.327528 0.000000 1.615982 1.862560 2.069494 2.027348 1.844817 1.179730 1.098322 0.470424 0.555024 0.561437 0.459855 0.296739 0.419515 0.276712 0.270306 0.070463 0.079252 0.080703 0.089878 2.040941 0.618158 0.701818 0.735503 0.714074 0.841967 0.841967 0.598180 0.455915 0.653390 0.599333 0.314400 0.307529 0.307346 0.426829 0.459693 0.558856 0.091746 0.089436 0.083808 2.098725
0.274367 0.503064 0.469158 0.254003 0.252210 0.642290 0.248331 0.248123 0.681338 0.653128 0.659079 0.690873 0.509089 0.286600 0.306102 0.856819 0.078321 0.353334 1.055961 1.335324 2.016810 2.676923 0.000000 1.673163 2.111995 2.197925 2.279537 2.119586 2.113873 1.254908 0.529771 0.402689 0.469244 0.572258 0.601696 0.508097 0.417435 0.385056 0.067417 0.077809 0.077809 0.079280 0.082639 0.089880 0.098800 0.344234 0.738348 0.813948 0.789125 0.555453 0.485583 0.785601 0.504666 0.353073 0.492851 0.380282 0.566049 0.559797 0.099995 0.092382 0.090884 0.085602 2.049236
0.258569 0.259705 0.262621 0.265884 0.265472 0.265274 0.265964 0.676877 0.662741 0.246300 0.250943 0.667802 0.279359 0.584475 0.307553 0.950651 0.833991 1.697081 2.634606 2.344898 2.240846 2.307765 1.948371 2.096560 1.954701 1.948938 2.219465 2.093088 1.754309 1.011163 0.711429 0.711429 0.622751 0.521753 0.411982 0.673170 0.743164 0.661063 0.548898 0.310166 0.074176 0.079299 0.082639 0.089887 0.454395 0.311590 0.409448 0.422977 0.735596 0.336520 0.548170 0.697119 0.317673 0.339911 0.524011 0.441755 0.589289 0.000000 0.093739 0.081006 0.098133 2.036990 0.518432
0.270625 0.280741 0.280969 0.284716 0.288781 0.288147 0.577046 0.269624 0.243492 0.604255 0.637698 0.272913 0.287585 0.304421 0.908513 1.175493 2.027348 2.775135 2.775135 2.230443 1.923184 2.222743 2.096560 0.000000 1.924174 1.381560 1.741856 1.142287 0.835088 0.514876 0.586075 0.694370 0.928110 0.989364 0.454748 0.495170 0.742913 0.681976 0.784654 0.376564 0.067852 0.078045 0.085436 0.089878 0.286389 0.314205 0.419545 0.407756 0.624009 0.464416 0.279865 0.341206 0.457810 0.361346 0.087975 0.090864 0.093020 0.000000 0.090100 0.079950 0.081829 0.444547 0.459091
0.296663 0.294245 0.282316 0.284530 0.284807 0.280262 0.276297 0.257657 0.239285 0.257969 0.269744 0.285616 0.303281 1.938974 0.994989 1.153082 1.668563 2.524847 2.453791 2.348217 2.097472 2.257910 2.750051 2.011862 1.228553 0.839763 0.597709 0.763328 0.472109 0.469811 0.476099 0.534908 0.692547 1.124845 0.862338 0.436080 0.562485 0.531704 0.920788 0.766158 0.070787 0.080319 0.080703 0.080703 0.287365 0.314205 0.422613 0.373730 0.326634 0.303952 0.303483 0.385516 0.720883 0.085863 0.091878 0.081065 0.082639 0.089878 0.082272 0.076502 0.076131 0.435633 0.275274
0.306634 0.296594 0.274278 0.265165 0.078896 0.074816 0.074816 0.071161 0.255448 0.258669 0.293059 0.292684 0.339120 0.987942 1.025563 1.202567 1.953117 2.136703 2.584427 2.639731 2.846215 3.122426 0.000000 1.310019 0.935257 0.726819 0.831605 0.483437 0.434962 0.485417 0.446012 0.422476 0.310246 0.706877 0.879422 0.303539 0.367306 0.429520 0.781079 0.821825 0.495870 0.084985 0.085436 0.082639 0.438879 0.318466 0.415476 0.350163 0.323855 0.360990 0.425981 0.639636 0.600291 0.100813 0.098618 0.085436 0.085436 0.088968 0.077706 0.259109 0.252700 0.245573 0.253091
0.732108 0.278466 0.305303 0.306178 0.288052 0.261886 0.070189 0.067994 0.295945 0.290204 0.379128 0.447223 0.547095 2.176854 0.823525 1.331764 2.136703 2.587106 2.750060 2.597781 2.799627 0.000000 2.097581 1.371168 0.976211 0.886968 0.380572 0.359586 0.432024 0.472481 0.307217 0.304189 0.444177 0.641878 0.895821 0.318626 0.291900 0.336677 0.742433 1.043760 0.503041 0.089275 0.089878 0.085436 0.521753 0.309786 0.413197 0.375177 0.355614 0.440886 0.808380 0.903351 0.093007 0.090761 0.085436 0.089878 2.028211 0.093812 0.259279 0.259279 0.260226 0.253562 0.247184
0.260268 0.591783 0.299156 0.620800 0.371894 0.317657 0.295352 0.929537 0.334132 0.377294 0.539072 0.877809 0.946835 1.758083 1.681440 1.721416 2.553869 2.854501 2.197925 2.027348 2.230443 2.152328 1.705241 1.100203 0.574721 0.476994 0.294771 0.371823 0.249075 0.295580 0.328548 0.447389 0.443046 0.577468 0.987106 0.339708 0.436079 0.447711 0.837687 1.047719 0.436843 2.098709 0.085436 0.079280 0.283928 0.297153 0.384861 0.412309 0.441808 0.701261 0.701261 0.676020 2.135838 0.081063 0.082284 0.089547 2.029049 0.000000 0.596296 0.276105 0.253113 0.247052 0.248423
0.250454 0.250336 0.292002 0.364117 0.398397 0.348798 0.293481 0.952202 0.379709 0.814370 0.691647 0.828934 1.568098 1.224163 2.329628 2.152328 2.487115 2.011862 2.455242 0.000000 2.714388 2.311012 1.635368 0.484018 0.392528 0.426795 0.484971 0.471402 0.270847 0.302916 0.303680 0.484772 0.444364 0.316452 0.510248 0.668034 0.306235 0.641853 0.544789 0.611576 0.868411 0.097182 0.097182 0.082637 0.080703 0.519145 0.287209 0.338424 0.404669 0.448385 0.568745 0.534827 0.082853 0.079737 0.080881 0.000000 0.091764 0.551168 0.635101 0.277503 0.248675 0.251546 0.249809
0.250454 0.323427 0.297037 0.348566 0.394868 0.358485 0.294480 0.277149 0.462911 0.647743 1.295359 0.849570 0.771490 1.608330 2.329628 2.027348 1.610297 2.187435 1.234989 2.538439 2.088699 1.464216 0.997101 0.405812 0.316854 0.401556 0.515129 0.587712 0.314736 0.385117 0.420875 0.454727 0.452431 0.315710 0.315710 0.884586 0.912630 0.435593 0.364388 0.521974 0.511595 0.088441 0.098012 0.080895 0.082639 0.440194 1.436529 0.543937 0.356259 0.384899 0.093027 0.084768 0.000000 2.015254 0.000000 1.921725 0.530263 0.292628 0.303092 0.271592 0.267197 0.264632 0.262034
0.306099 0.393621 0.312891 0.708113 0.413177 0.366583 0.297860 0.291003 0.593842 1.466262 1.426708 1.939855 1.713913 1.094014 1.976177 1.677002 1.458873 1.582191 2.036116 1.800713 0.680704 0.786909 0.513514 0.421146 0.306560 0.306560 0.347963 0.433771 0.616874 0.481572 0.412844 0.389113 0.273998 0.323570 0.554044 0.891600 1.124845 0.690649 0.489549 0.336918 0.498094 0.392611 0.084136 0.085935 0.083003 0.099815 2.108305 2.123277 0.093726 2.127664 0.100716 0.085969 1.998182 1.972217 1.957660 0.581095 0.284210 0.275725 0.280106 0.270028 0.270162 0.262146 0.270351
0.379399 0.412943 0.327592 0.679601 0.455888 0.659696 0.326379 0.982648 2.340167 3.469619 2.718053 2.125202 1.787724 1.867864 2.137222 1.074565 0.762033 0.762033 1.126550 1.507410 0.936589 0.469606 0.437042 0.351865 0.648691 0.353669 0.389046 0.385516 0.533395 0.528962 0.293481 0.401839 0.304054 0.299357 1.571087 1.205207 1.635639 1.471199 0.797289 0.467539 0.438032 0.388830 0.263802 0.439860 0.087030 0.092408 0.092463 2.107679 2.092925 0.000000 0.098604 0.085096 1.529438 0.511411 0.458703 0.309766 0.320097 0.278793 0.273262 0.272004 0.265857 0.264527 0.264186
0.424999 0.473828 0.399663 0.381356 0.559325 1.148293 1.024685 0.939862 3.382944 3.382944 0.000000 2.369271 2.230443 1.925746 2.432470 1.626634 1.072316 1.581685 0.834665 0.942645 0.523988 0.408273 0.374690 0.466055 0.356251 0.727500 0.511087 0.766414 0.454046 0.636961 0.489882 0.471192 0.513330 0.591493 0.322668 0.535016 0.727558 1.012657 0.973718 0.586456 1.207032 0.305396 0.265984 0.295525 0.082985 2.099267 0.098977 0.090633 0.090633 0.086217 0.085952 1.467254 0.611097 0.250809 0.262481 0.311130 0.390317 0.315457 0.274928 0.271407 0.258063 0.261043 0.470570
0.849707 0.690845 0.564445 0.546531 0.732090 0.895349 1.651805 1.395968 2.228092 0.000000 0.000000 1.886162 2.365959 2.124584 1.817744 0.985520 1.144524 1.457988 1.054006 0.675519 0.718809 0.402642 0.334759 0.478533 0.658762 0.662306 0.442017 0.772635 0.285028 0.691439 0.626847 0.464317 0.348540 0.573893 0.568680 0.251973 0.330743 0.379912 0.773314 0.648945 0.935450 0.489419 0.372134 0.085722 0.085745 0.000000 2.067430 0.085242 0.084508 0.081959 0.079340 0.569331 0.291694 0.241717 0.245853 0.285464 0.432327 0.399907 0.495575 0.261256 0.494809 0.494809 0.527561
0.904054 0.660604 0.676173 0.735433 0.923977 1.771684 2.519959 2.253410 2.051336 2.065998 1.865386 2.372958 1.952401 1.791827 1.408286 0.654931 0.596902 0.994781 0.677502 0.744596 0.618837 0.477705 0.493851 0.319425 0.797192 0.657048 0.399677 0.598019 0.473919 0.465530 0.825772 1.131034 0.559143 0.407735 0.500840 0.329526 0.292609 0.312585 0.408541 0.701261 0.643238 0.437362 0.093281 0.089107 0.000000 2.067679 2.043293 2.029240 0.094875 0.497050 0.554954 0.306234 0.462540 0.462540 0.379052 0.386258 0.278992 0.381443 0.449542 0.621321 0.530067 0.502791 0.498876
0.967817 0.617867 0.382932 1.464705 0.966304 1.011595 2.572784 2.638493 2.095561 1.036241 1.715854 1.607735 1.414749 1.102234 0.772710 0.662880 0.842742 0.557336 0.578678 0.720446 0.463641 0.533231 0.485794 0.332629 0.840631 0.697198 0.434977 0.563831 0.762031 0.288165 0.521157 1.064805 0.937704 0.620067 0.604753 0.384349 0.444198 0.312585 0.457654 0.445576 0.084230 0.082957 0.084959 2.091382 2.091382 0.097312 0.082848 0.086836 0.094161 0.470076 0.292168 0.296037 0.363846 0.351912 0.309028 0.251402 0.251275 0.330844 0.894526 0.751055 0.368734 0.334118 0.363871
0.996666 1.208140 1.025674 1.059631 2.498021 1.807112 2.089060 2.638493 2.333361 1.472812 0.551799 1.187359 1.258363 0.641144 0.509059 0.361317 0.429013 0.465305 0.505881 0.438496 0.418359 0.510077 0.424638 0.650489 0.632309 0.418249 0.605895 0.330551 0.833239 0.492677 0.393601 0.721159 0.930930 0.429228 0.353467 0.381969 0.381969 0.289960 0.302645 0.481893 0.480193 0.080879 0.080663 0.081051 2.058269 0.095004 0.078493 0.458703 0.467332 0.275625 0.301613 0.342107 0.329677 0.376962 0.522560 0.297278 0.456273 0.554007 0.399661 0.428778 0.652438 0.348798 0.340595
1.188423 2.040972 1.700264 1.615982 2.806888 1.848292 1.824060 1.927213 1.584205 1.633558 0.591152 0.460061 1.126402 0.843242 0.334112 0.383290 0.311085 0.364477 0.441662 0.498033 0.458514 0.468824 0.443264 0.363679 0.479560 0.441077 1.102892 1.102892 0.545946 0.608274 0.525932 0.311464 0.310279 0.422252 0.535016 0.383609 0.302635 0.299505 0.538516 2.131310 0.483058 0.297352 0.080304 0.085123 0.000000 0.511584 0.267907 0.265898 0.459585 0.258232 0.262675 0.291525 0.074369 0.077454 0.077722 0.083105 0.481580 0.508882 0.335117 0.684778 0.362617 0.647337 0.390400
2.141039 2.204975 2.040972 1.831947 1.335468 1.562484 0.732078 1.473770 0.757152 0.694154 0.468052 0.300105 0.397869 0.487271 0.430728 0.489409 0.436039 0.343346 0.329568 0.329568 0.434912 0.688066 0.428521 0.422172 0.794581 0.470750 0.409217 0.844664 0.776421 0.446733 0.498009 0.339972 0.299016 0.320365 0.383978 0.392528 0.438590 0.457654 0.539452 0.451664 0.296603 0.292317 0.082517 0.915047 0.000000 0.078682 0.077876 0.079293 0.086493 0.081872 0.074233 0.072935 0.070131 0.069729 0.070803 0.074979 0.297665 0.300336 0.306771 0.576115 0.577468 0.570509 0.388187
2.429645 2.326015 2.097581 1.816176 1.112575 0.771655 0.568397 0.644358 0.522395 0.454075 0.373332 0.373332 0.637782 0.262852 0.497026 1.276858 1.392864 0.668682 0.321429 0.346677 0.448616 0.551837 0.502063 0.556732 0.601353 0.399090 0.459658 0.710498 0.856815 0.689355 0.629982 0.444507 0.411045 0.464771 0.415123 0.402807 0.493518 1.478231 0.299789 0.293029 0.286828 0.519487 0.000000 0.000000 0.095948 0.269941 0.280991 0.303477 0.325621 0.289302 0.595640 0.266066 0.443498 0.244047 0.239595 0.069398 0.077176 0.084562 0.316136 0.524651 0.356039 0.563115 0.356251
