FB/MTT/SampleData/Outputs/NoBarriers_INTENSITY.asc
NCOLS 84
NROWS 94
XLLCORNER -2098.000000
YLLCORNER 3210.000000
CELLSIZE 30.000000
NODATA_VALUE -1
[rows 0 to 25 of 94, columns 0 to 59 of 84]
116.529533 93.333755 66.744247 45.821621 39.069054 41.382961 44.888042 44.980572 42.057888 40.940289 42.173542 43.596649 45.449078 45.876980 46.099823 257.058075 43.668850 44.045860 43.809643 45.264347 78.485756 42.479591 283.146149 101.863266 90.135841 79.734306 71.353081 69.159103 102.839317 94.449188 107.773018 94.318611 63.592819 3.009983 3.475629 3.541008 3.538902 3.669883 50.220901 52.644772 55.524067 49.912651 45.949368 44.581886 44.920792 48.964989 87.167259 89.304962 92.518379 102.868462 106.870689 92.711113 91.837418 48.690899 48.690899 52.405136 56.717377 46.609119 57.720177 49.403881
58.645741 44.421074 38.471420 38.162045 42.869007 46.627380 46.575127 52.972141 39.079918 218.842712 41.919247 44.169712 45.449078 45.876980 45.140182 245.372009 43.427330 44.350849 44.763714 79.701744 78.809906 208.019165 311.137207 102.716522 87.500084 77.107193 73.824966 68.293266 99.713882 98.644722 126.162979 108.423698 82.874023 50.306217 3.417957 3.583441 3.634823 3.670092 3.790276 3.975969 51.277107 48.960720 45.205196 46.281696 49.015049 60.776497 60.776497 75.496483 87.771660 90.973991 94.657600 99.046082 94.609177 53.715851 47.080643 55.827301 61.949097 48.293461 56.965340 41.144955
199.418045 37.986500 39.534859 41.431744 45.801174 47.671665 44.013275 223.666290 213.889084 221.816681 42.156429 44.169712 44.736286 44.935612 244.501266 43.427330 43.855270 45.565125 45.146038 3.683993 238.552185 211.029144 196.280365 114.118988 114.643394 74.738556 73.990746 78.304771 82.772713 114.598663 149.553207 115.210281 86.414803 66.632973 3.008941 3.541407 3.637818 3.410419 3.397400 3.519714 4.054425 3.991860 49.802738 46.655396 48.559422 62.402069 70.652412 92.249237 45.503559 90.691193 91.664864 94.094406 50.780994 51.087902 48.341991 54.559315 62.088787 50.836617 54.134361 54.588417
39.770985 220.519287 41.185368 42.238472 45.612934 46.043827 41.649288 213.889084 221.300751 41.420837 42.827816 43.991283 44.068996 43.070122 240.344971 44.164413 45.107174 46.099823 45.328762 247.852524 234.250214 217.692337 95.969299 127.041267 97.203880 68.547363 65.449028 76.502441 95.100792 95.100792 160.848877 0.000000 133.698135 86.343086 70.776680 45.724545 3.336376 3.394263 3.393553 3.502647 3.719184 3.899698 54.893101 50.345165 49.050755 63.619358 77.820244 62.019348 45.161201 42.761784 88.942825 92.041588 51.204536 49.358349 49.347557 49.263519 53.520290 55.792622 59.560524 58.353024
237.402435 231.177322 41.523552 42.452660 44.208134 43.650009 41.370411 226.978760 222.874207 235.185806 229.313797 240.194260 237.986282 239.557159 43.815804 45.140182 55.786728 46.725185 256.566833 255.774933 210.000671 210.000671 214.869949 385.112335 412.572815 266.807648 128.490082 64.711990 97.203880 124.613144 0.000000 0.000000 122.737038 84.637840 68.000916 49.482388 3.074433 3.343059 3.393553 3.502647 3.586727 3.735156 63.273495 60.269512 52.280251 72.414261 74.067459 74.490967 51.127815 46.508419 88.942825 91.548843 50.091515 46.286259 50.772480 45.874203 53.019524 55.792782 50.430466 36.311241
43.562801 42.431263 42.431263 43.315033 43.108463 42.300888 40.829144 228.582886 39.787983 219.348846 228.645813 41.315880 41.315880 42.121563 42.897968 51.798946 54.014488 46.883656 46.965893 44.122650 78.522163 87.395416 522.522217 514.237793 137.855865 126.796539 113.119759 335.614563 179.029236 100.339767 118.122604 164.392120 107.016960 83.295334 67.090477 50.117668 2.930165 3.260983 3.393553 3.440892 4.263970 3.929595 4.235766 56.528164 55.090023 61.751480 70.350029 75.299538 78.079140 40.893097 58.265579 91.431030 48.151253 46.884830 50.535679 50.258785 58.465534 58.745842 53.463516 42.133129
42.816307 43.213474 43.193024 42.452660 42.452660 42.140949 41.214211 229.389938 39.387566 39.671143 39.727558 40.788872 230.179443 43.287975 43.261066 46.099823 55.786728 46.883656 45.985439 79.921684 87.258240 295.025818 157.859222 141.525803 138.002426 140.491486 150.022400 207.242188 143.290680 0.000000 72.578354 150.998550 99.221634 71.734474 53.600338 45.922810 39.596382 3.085392 3.423981 3.440892 3.708072 109.154015 3.767470 4.296501 54.551323 52.495029 61.927864 75.234665 48.706978 32.636124 58.755299 28.345648 45.667313 47.452309 53.079044 57.080276 54.722668 63.357121 53.585835 51.173721
43.769588 43.222923 42.078285 41.260181 40.614845 43.932224 221.726089 212.122910 39.028156 39.770985 40.312443 41.675110 42.956020 43.885906 44.935612 46.857296 46.491287 52.045807 80.541855 85.798477 78.882576 131.035599 0.000000 157.609024 192.561203 197.902191 188.957413 167.216766 194.994171 89.413635 96.045708 129.686401 66.709938 35.803753 37.124168 32.844780 40.326542 38.971832 3.274398 3.442013 3.440892 109.304955 4.241684 4.191566 58.287987 53.146019 65.621536 81.864426 58.444546 34.775223 61.202492 40.408302 45.059013 48.050049 50.165512 43.937817 43.937817 45.447578 51.733086 64.268890
44.579277 42.984550 41.470295 40.053417 40.045670 217.726974 208.949921 38.860744 40.017899 221.816681 228.495865 42.195671 42.637669 44.256683 46.099823 47.690514 3.626796 81.346107 86.920135 93.308052 726.419067 219.597168 0.000000 152.464355 175.728485 195.252228 191.275864 174.054413 185.810257 103.624252 44.383430 52.365269 52.970379 43.386330 46.737148 39.580345 43.582726 42.573841 3.058234 3.439685 3.502647 3.900866 107.891472 58.321850 66.214958 69.393135 67.371307 79.437729 79.437729 56.437016 43.014610 61.645943 56.545753 49.518650 48.436577 48.407753 40.270348 43.371029 52.726852 3.981925
43.213474 47.463017 44.264065 40.006134 39.723675 217.628204 39.112709 39.079918 230.859116 221.300751 223.317184 234.089981 48.031425 45.140182 48.211700 80.838989 3.399253 185.250854 99.627647 125.984886 190.281631 252.561768 0.000000 157.859222 199.262054 207.369370 215.069305 199.978241 199.439301 118.397804 49.982769 37.992867 44.272141 53.991299 56.768661 47.937836 39.384060 36.329224 2.926022 3.377029 3.377029 3.440892 3.586663 3.900940 4.288104 54.217609 69.661530 76.794167 74.452194 52.405731 76.480515 74.119766 47.614151 55.609753 46.499393 59.895275 53.405453 52.815617 4.339963 4.009539
40.725273 40.904194 41.363434 41.877365 41.812439 41.781258 41.889900 229.347412 224.557785 38.792751 39.524090 226.272720 43.999729 55.143978 48.440334 89.691803 282.582733 592.270630 952.351990 221.235931 211.418869 217.732605 183.824554 197.805847 184.421783 183.877975 209.401627 197.478287 165.515244 95.401031 67.121750 67.121750 58.755196 49.226212 38.869633 63.512131 70.115883 62.369862 51.787296 48.851879 3.219350 3.441711 3.586663 3.901257 42.871151 49.076115 64.488991 66.619820 69.401871 53.002670 51.718594 65.771660 50.034214 53.536694 49.439262 69.577461 55.598095 0.000000 4.068436 3.515814
42.624039 44.217323 44.253273 44.843487 45.483727 45.383888 54.443031 42.466393 38.350609 204.741028 216.072601 42.984360 45.295307 47.947090 85.716209 110.905174 191.275864 261.827911 261.827911 210.437393 181.448166 209.710876 197.805847 0.000000 181.541641 130.347137 164.340286 107.772301 78.788742 81.094147 55.294846 65.512321 87.565102 93.344307 42.904469 46.718174 70.092239 64.342941 74.030342 59.309746 2.944893 3.387269 3.708072 3.900866 45.106892 49.488003 66.079277 64.222580 58.873871 43.816624 44.079407 53.740776 43.193348 56.912838 3.818255 3.943652 4.037244 0.000000 3.910481 3.469971
46.725185 46.344265 44.465492 44.814182 44.857700 44.141846 43.517365 40.581512 37.687946 40.630745 42.485249 44.985191 47.767506 841.426147 93.875046 108.790794 157.425308 238.213791 231.509811 221.549103 197.891922 213.028885 259.461212 189.814789 115.911285 79.229759 56.392517 72.018303 44.542484 44.325626 44.918915 50.467400 65.340256 106.126694 81.359665 41.143223 53.069229 50.165092 86.874336 72.285324 3.072293 3.485996 3.502647 3.502647 45.260647 49.488003 66.562469 58.863419 51.445541 47.873169 47.799236 36.372589 68.013748 3.726614 3.987659 3.518376 3.586663 3.900866 3.570762 3.320322
48.295563 46.714264 43.199421 41.764118 3.424233 3.247149 3.247149 3.088490 40.233608 40.740955 46.157528 46.098434 53.412189 93.210159 96.759636 189.407013 184.272339 201.593201 243.835037 249.052826 268.534180 294.593994 0.000000 123.597450 88.239441 68.573769 78.460129 45.611259 41.037727 45.798012 42.080235 39.859722 48.864422 66.692299 82.971512 47.808056 34.654484 40.524258 73.693123 77.537415 46.784275 3.688478 3.708072 3.586663 41.407307 50.159142 65.438507 55.151554 51.007931 56.856766 67.092926 60.348209 56.636150 4.375462 4.280179 3.708072 3.708072 3.861368 3.372589 40.810287
248.061722 43.859074 48.085945 48.223740 45.368927 41.247719 3.046308 2.951070 46.612041 45.707882 59.713524 70.438660 86.168755 944.655273 129.707153 209.755951 201.593201 244.087799 259.462097 245.094955 264.138702 0.000000 197.902191 129.366653 92.103371 83.683502 35.906158 33.926174 40.760555 44.577545 48.387386 47.910492 41.907169 60.559822 84.518715 50.184368 45.974861 53.027405 70.046906 98.476440 47.460850 3.874703 3.900866 3.708072 49.226212 48.792000 65.079529 59.091267 56.010101 69.440521 76.268875 85.229179 4.036655 3.939172 3.708072 3.900866 107.218544 4.071621 40.837116 40.837116
40.992744 200.514969 47.117760 58.571095 58.574123 50.031776 46.518646 87.699783 52.626518 59.424683 84.905113 297.429810 149.128693 595.694763 569.725525 162.411850 240.951981 269.315948 207.369370 191.275864 210.437393 203.067383 160.885773 103.801750 90.519920 45.003323 46.427086 35.080719 39.229950 46.554462 51.747013 42.210155 41.800377 54.482838 93.131332 53.504826 41.143063 70.515450 79.033981 98.849953 41.215202 110.945335 3.708072 3.440892 44.719379 46.802288 60.616539 64.939667 69.585793 66.162415 66.162415 63.781013 112.908104 3.518255 3.571287 3.886490 107.262825 0.000000 56.259186 43.487141
39.447151 39.428505 45.991070 57.349247 62.748489 54.936424 46.223873 89.838127 59.805061 76.833992 108.935959 130.558960 531.321838 192.808533 219.795303 203.067383 234.653824 189.814789 231.646729 0.000000 256.096558 218.038864 154.293411 76.233917 61.824070 40.267147 45.755955 44.475765 42.659058 47.709957 47.830349 45.737194 41.924789 49.841866 80.365303 63.027573 48.232670 60.557430 51.399681 57.700886 81.932655 4.217853 4.217853 3.586598 3.502647 48.980175 45.236160 53.302582 63.736275 70.621651 53.659798 50.459789 3.595964 3.460703 3.510358 0.000000 3.982712 52.001503 59.920364 43.707413
39.447151 50.940510 46.784012 54.899960 62.192692 56.462288 46.381294 43.651558 72.909569 61.113083 438.908966 133.809250 121.511459 544.953613 219.795303 191.275864 151.927948 206.379684 194.513565 239.496170 197.064163 138.145584 94.074303 63.916374 49.905266 37.885967 48.601269 55.449368 29.694616 60.656803 39.708584 42.902512 42.685886 49.725109 49.725109 83.458763 86.104630 68.606903 57.391983 49.247147 48.267883 3.838487 4.253906 3.511003 3.586663 41.531384 75.940079 51.319229 56.111576 60.622524 4.037545 3.679085 0.000000 106.533592 0.000000 101.589294 50.029118 46.089653 47.737713 42.776318
48.211277 61.996189 49.280994 239.931335 65.076385 57.737598 46.913589 45.833687 56.027706 138.338638 134.606750 183.021042 161.703918 172.309784 186.447998 158.221466 137.641479 149.276245 192.103058 169.893341 107.212463 74.243164 80.879585 66.331490 48.283932 48.283932 32.829529 40.925297 58.200703 45.435219 38.950901 36.711983 43.155346 50.963043 52.272804 84.120499 106.126694 108.778755 46.187889 31.787447 46.994106 37.041962 3.651656 3.729713 3.602472 4.332150 111.452621 112.244095 4.067849 112.475998 4.371227 3.731215 105.631096 104.258514 103.488945 54.825027 44.763714 43.427330 44.117386 42.530079
59.756149 65.039543 51.596485 230.270401 71.803444 62.240910 51.405502 92.710732 220.789597 327.350922 256.442291 200.508194 168.667816 176.228851 201.642151 169.246445 120.021927 120.021927 106.287491 142.220856 88.365120 73.964058 68.835083 55.419483 61.202553 55.703655 36.705635 36.372589 50.324669 49.906441 46.223972 37.912586 47.889175 47.149456 83.053329 113.708626 154.318970 138.804367 75.222496 44.111301 41.327354 36.685223 41.549461 41.499866 3.777241 4.010677 4.013041 111.419510 110.639557 0.000000 4.279598 3.693310 80.851601 48.250515 43.277653 48.788910 50.416000 43.910503 43.039333 42.841194
66.938309 74.629005 62.947830 60.064472 88.095024 108.338913 96.676788 88.673912 319.173370 319.173370 0.000000 223.535553 210.437393 181.689896 229.498199 153.469345 168.892273 149.228500 78.748779 88.936470 82.529243 64.303970 59.014526 43.971230 56.110298 68.638031 48.219971 72.309479 42.838253 60.095860 77.157570 44.455944 48.431526 55.806080 30.443035 50.477581 114.592072 95.541985 91.868195 55.330826 63.808041 28.813435 41.893078 46.545795 3.601680 110.974800 4.295755 3.933611 3.933611 3.741952 3.730450 77.564323 57.655685 39.502972 41.341438 49.003628 61.475845 49.685226 43.301800 42.747196
80.168030 65.179688 88.901451 86.079895 248.055542 141.019562 155.844162 131.706528 210.215561 0.000000 0.000000 177.955261 223.223053 200.449829 171.500168 92.981651 107.983353 137.557922 99.443161 63.733723 67.818100 63.417057 52.725319 45.148518 62.152702 62.487122 41.703346 72.896393 44.892544 65.235710 98.729782 73.131065 32.884010 54.145550 53.653706 39.686344 52.092789 59.836960 72.960480 102.210320 88.257660 77.084633 58.611897 3.720473 3.721484 0.000000 109.291779 3.699633 3.667774 3.557180 3.443503 53.715084 45.942490 38.070923 38.722382 44.961296 68.092575 62.986347 46.756382 41.148441
85.295479 62.326569 106.498772 115.832405 313.073029 600.303162 237.752609 212.604294 193.539001 194.922424 175.995026 223.883362 184.204742 169.054916 132.868744 103.153175 94.013428 93.855377 106.708160 70.251015 58.385902 75.239708 46.593769 50.310127 75.213318 61.991058 37.708679 56.421741 44.713188 43.921696 77.909737 106.710617 52.753902 64.219238 78.883430 31.090048 46.086533 49.232819 64.346169 66.162415 60.688091 68.885590 4.048556 3.867376 0.000000 109.304955 108.015816 107.272926 4.117759 46.895611 52.358738 48.232567 43.639614 43.639614 35.762711 36.442566 43.941856 60.078178 70.803848 58.620228
91.311440 58.294415 36.128834 496.288788 152.195175 159.328644 242.736542 248.936020 197.711563 97.767021 161.887024 151.686249 133.478424 103.993317 121.703568 104.405136 79.510841 87.781769 91.143135 67.972466 73.024612 83.985115 45.833588 52.389874 79.311707 65.779060 41.039143 53.196182 71.895966 45.386711 49.169998 100.462013 88.470284 58.501915 57.057133 36.262463 41.909149 49.232819 43.178684 42.039093 3.655745 3.600461 3.687373 110.557983 110.557983 4.223486 3.595740 3.768831 4.086768 44.350662 46.017071 46.626480 57.306572 55.427021 48.672592 39.596382 39.576416 52.108650 84.396553 70.860405
94.033218 113.985390 96.770065 99.973862 235.682755 170.497040 197.098206 248.936020 220.147446 138.956604 86.909599 112.024757 118.723808 60.490551 80.177979 56.908203 67.570587 73.286552 79.677483 69.064133 65.892586 80.338280 40.063637 61.372246 59.656990 65.875229 57.164871 31.186787 78.614296 46.483025 37.135399 68.039726 87.831200 67.604446 33.348820 36.037964 36.037964 45.669331 47.667316 45.465584 45.305168 3.510278 3.500928 3.517731 108.807526 4.123345 3.406748 43.277653 44.091747 43.411583 47.504818 53.882587 51.924946 59.372379 49.302410 46.821960 43.048325 52.269386 62.947460 67.533577
112.125076 192.561203 160.416214 152.464355 264.823730 174.382278 172.096024 181.828339 536.779175 154.122574 93.107803 72.460747 106.273598 79.558029 52.623417 60.369019 48.996643 57.405972 69.562820 78.441299 72.217026 73.840805 41.821003 57.280231 45.245430 69.470688 104.055473 104.055473 51.508816 57.389347 49.620525 29.385973 48.869713 66.505592 50.477581 36.192711 47.665661 47.172741 50.807816 112.668701 45.575493 46.833557 3.485323 3.694472 0.000000 48.266788 42.195919 41.879536 43.360847 40.672188 41.371841 45.915825 3.227759 3.361651 3.373272 3.606907 45.436050 48.011906 52.781662 64.607346
