FB/MTT/SampleData/Outputs/NoBarriers_FLAMELENGTH.asc
NCOLS 84
NROWS 94
XLLCORNER -2098.000000
YLLCORNER 3210.000000
CELLSIZE 30.000000
NODATA_VALUE -1
[rows 28 to 55 of 94, columns 0 to 62 of 84]
1.046153 0.996074 0.996074 0.957942 0.888727 1.232800 0.653664 0.596276 0.570171 0.533396 0.538485 0.529206 0.457669 0.448516 0.586161 0.584967 0.577125 0.618490 0.516435 0.386799 0.373119 0.500358 0.470025 0.592647 0.698134 0.584839 0.502697 0.487137 0.563698 0.511191 0.476220 0.514543 0.475756 0.446112 0.492889 0.443245 0.452543 0.473560 0.139200 0.448051 0.442609 0.000000 0.000000 0.562655 0.138513 0.455330 0.477344 0.478924 0.530987 0.475124 0.486000 0.477993 0.444610 0.421263 0.415388 0.411570 0.132968 0.136917 0.142277 0.486414 0.538485 0.552130 0.536099
0.000000 0.000000 1.055758 0.872934 0.655243 0.598700 0.589338 0.581266 0.563691 0.517780 1.135707 0.604648 0.528791 0.488168 0.543593 0.554388 0.528827 0.589435 0.576428 0.496564 0.466440 0.462335 0.461078 0.467648 0.617013 0.583241 0.456956 0.473656 0.515231 0.540038 0.496956 0.491004 0.482246 0.440107 0.142793 0.142764 0.146859 0.140750 0.141688 0.000000 0.000000 0.000000 0.149499 0.137134 0.435449 0.480666 0.560561 0.551038 0.456395 0.424273 0.456134 0.479953 0.433168 0.427579 0.420911 0.420911 0.414585 0.128445 0.133221 0.136698 0.135446 0.148340 0.523269
1.056019 0.682847 0.874574 0.992853 0.710953 0.565005 0.857021 0.811351 0.519442 0.497767 0.583689 0.659416 0.653088 0.610460 0.583958 0.647861 0.617469 0.405378 0.456951 0.508829 0.513167 0.508639 0.427640 0.437943 0.488666 0.549906 0.447291 0.439533 0.545021 0.563728 0.539510 0.145061 0.147767 0.147672 0.140259 0.139397 0.139347 0.137176 0.000000 0.000000 0.000000 0.138679 0.436746 0.448878 0.456454 0.543907 0.543907 0.495428 0.548050 0.492306 0.417869 0.442370 0.442997 0.437920 0.434305 0.438353 0.436552 0.421655 0.128409 0.131409 0.128686 0.133314 0.137786
0.535877 0.480992 0.516783 0.735640 0.772826 0.541887 0.473666 0.491439 0.498282 0.478301 0.585699 0.658103 0.653088 0.647260 0.657245 0.672298 0.758049 0.680191 0.484781 0.378478 0.489703 0.518041 0.476458 0.448525 0.454427 0.517433 0.511848 0.537974 0.543696 0.564726 0.143476 0.145622 0.673887 0.673939 0.672594 0.672331 0.670856 0.667196 0.000000 0.388348 0.656781 0.139198 0.437166 0.440600 0.464482 0.581561 0.547951 0.502468 0.541837 0.487381 0.427071 0.429184 0.427867 0.438549 0.441406 0.443729 0.446373 0.438804 0.426475 0.128174 0.418009 0.130162 0.130507
0.514857 0.532707 0.496484 0.461622 0.583707 0.604686 0.489031 0.496321 0.499140 0.488470 0.508275 0.595831 0.605906 0.549001 0.638707 0.672298 0.700140 0.738782 0.710119 0.651807 0.490309 0.507137 0.440663 0.504395 0.456249 0.481210 0.493786 0.521390 0.142034 0.142463 0.145194 0.000000 0.000000 0.000000 0.144956 0.671546 0.000000 0.000000 0.645667 0.556446 0.458742 0.420737 0.432909 0.446656 0.503685 0.577592 0.571782 0.562058 0.543766 0.557545 0.471479 0.422264 0.415163 0.428001 0.442187 0.443729 0.454341 0.450529 0.441923 0.425142 0.425728 0.417670 0.128024
0.493266 0.538864 0.597289 0.494364 0.480062 0.606580 0.623566 0.557622 0.537411 0.472403 0.458058 0.524904 0.544688 0.526426 0.606221 0.664831 0.552876 0.572305 0.619245 0.661290 0.612736 0.612736 0.494269 0.421937 0.448078 0.452297 0.455609 0.470207 0.146879 0.145835 0.000000 0.000000 0.671903 0.669918 0.668242 0.143027 0.654769 0.646088 0.429508 0.426422 0.423478 0.414413 0.406129 0.427009 0.511965 0.591909 0.634819 0.652592 0.660929 0.653064 0.575088 0.453294 0.442313 0.413692 0.434169 0.442905 0.453255 0.455053 0.451646 0.440366 0.436386 0.420251 0.411547
0.509552 0.576157 0.693009 0.454861 0.457358 0.509397 0.624080 0.617696 0.557873 0.497655 0.478904 0.489461 0.542873 0.542873 0.458010 0.472997 0.513258 0.464426 0.416308 0.505567 0.542051 0.531861 0.525615 0.466925 0.496440 0.451422 0.137767 0.139901 0.146547 0.000000 0.611118 0.672381 0.670012 0.663800 0.660811 0.132139 0.432000 0.458906 0.424620 0.447176 0.440166 0.423654 0.413453 0.422499 0.485160 0.532149 0.623130 0.650276 0.655984 0.691744 0.636329 0.514126 0.482435 0.419779 0.413337 0.430176 0.442905 0.465213 0.453412 0.452770 0.442032 0.429737 0.413409
0.432879 0.516435 0.640504 0.524915 0.437272 0.437272 0.417847 0.471439 0.467008 0.517740 0.568660 0.504941 0.493691 0.644751 0.474428 0.441176 0.399607 0.471354 0.441290 0.478423 0.482660 0.508275 0.477291 0.443705 0.408671 0.411250 0.138312 0.140660 0.674806 0.000000 0.000000 0.000000 0.000000 0.000000 0.134555 0.134726 0.446179 0.434814 0.433072 0.430158 0.426125 0.408459 0.409958 0.398277 0.438147 0.442789 0.479217 0.553231 0.598491 0.659656 0.640608 0.570724 0.532522 0.443151 0.413638 0.418837 0.429184 0.454183 0.439889 0.445281 0.449775 0.440635 0.415887
0.607455 0.571817 0.416466 0.608044 0.553581 0.500622 0.818549 0.448014 0.423123 0.448984 0.480692 0.469253 0.485094 0.533388 0.601281 0.458947 0.439562 0.547228 0.639886 0.528736 0.528972 0.504244 0.502753 0.541474 0.444363 0.441578 0.142799 0.675321 0.673026 0.000000 0.000000 0.000000 0.000000 0.477322 0.421941 0.133182 0.143488 0.471508 0.483922 0.433703 0.419971 0.410633 0.417757 0.416621 0.426225 0.426798 0.440045 0.501975 0.596927 0.715707 0.697902 0.656139 0.681030 0.532894 0.428607 0.415559 0.424266 0.424266 0.434024 0.435540 0.442906 0.462178 0.445254
0.690187 0.679464 0.430848 0.545162 0.582039 0.564915 0.533252 0.389645 0.455250 0.430978 0.419174 0.439517 0.458322 0.510677 0.475431 0.437746 0.543170 0.698650 0.678028 0.557380 0.481252 0.469339 0.507874 0.437929 0.144448 0.143270 0.675209 0.000000 0.609328 0.671546 0.665649 0.000000 0.616265 0.511460 0.424051 0.411691 0.135900 0.163896 0.555775 0.468702 0.433703 0.420815 0.416466 0.416725 0.426009 0.432548 0.429819 0.448417 0.524633 0.524633 0.651115 0.774237 0.616497 0.749656 0.654783 0.493765 0.419355 0.414305 0.434024 0.432438 0.444680 0.461551 0.886768
0.623409 0.690798 0.454530 0.512610 0.594631 0.527830 0.432033 0.629531 0.917385 0.912737 0.889852 0.458100 0.441710 0.491116 0.513737 0.459525 0.812847 0.765551 0.630588 0.499103 0.456271 0.479436 0.457212 0.471482 0.143390 0.145635 0.000000 0.397179 0.000000 0.000000 0.000000 0.659163 0.563506 0.468874 0.415019 0.433550 0.132700 0.155473 0.552087 0.530807 0.530807 0.446000 0.430441 0.419895 0.419321 0.417882 0.435361 0.457986 0.474606 0.489057 0.501713 0.561231 0.616497 0.538644 0.611902 0.565261 0.458748 0.415073 0.411424 0.432438 0.442032 0.454686 0.879162
0.662325 0.701445 0.529293 0.376443 0.527141 0.500805 0.497259 0.940946 0.928773 0.537982 0.530231 0.529145 0.517343 0.525689 0.690766 0.801679 0.734962 0.647039 0.473970 0.468414 0.450121 0.677848 0.573282 0.142900 0.145622 0.000000 0.672701 0.000000 0.669917 0.000000 0.661618 0.530282 0.530282 0.512528 0.459880 0.416834 0.433458 0.412091 0.129703 0.145538 0.553701 0.494478 0.447367 0.416942 0.417039 0.418037 0.422183 0.434963 0.506690 0.530638 0.516454 0.465738 0.507108 0.507715 0.619384 0.704982 0.637984 0.477184 0.426581 0.416444 0.433710 0.452435 0.896337
0.618330 0.767357 0.700881 0.446196 0.438965 0.439252 0.487213 0.954934 0.538292 0.524590 0.530041 0.517290 0.511936 0.618309 0.799001 0.835022 0.557068 0.499327 0.458397 0.463731 0.453923 0.676275 0.677584 0.145085 0.145085 0.000000 0.000000 0.671546 0.670028 0.000000 0.000000 0.483244 0.494245 0.505212 0.464834 0.425431 0.417273 0.465531 0.457191 0.132980 0.508255 0.567244 0.491528 0.445054 0.412853 0.444875 0.459125 0.442026 0.484401 0.582509 0.518651 0.484837 0.466379 0.727847 0.822614 0.837278 0.883333 0.777816 0.483232 0.413743 0.561057 0.450299 0.434024
0.597326 0.647029 0.629922 0.489775 0.454429 0.448798 0.415000 0.435290 0.565902 0.538592 0.547956 0.516222 0.552600 0.708962 0.607372 0.607372 0.562307 0.149165 0.144127 0.679793 0.675833 0.673283 0.000000 0.670440 0.000000 0.669919 0.670049 0.141339 0.667851 0.663282 0.445153 0.468467 0.466690 0.487759 0.455971 0.432452 0.413123 0.457191 0.465507 0.130211 0.134509 0.155417 0.543320 0.484833 0.442032 0.493423 0.456529 0.424738 0.448995 0.541654 0.564236 0.604688 0.663129 0.497734 0.537646 0.719746 0.759736 0.661044 0.531884 0.964597 0.590766 0.555646 0.433530
0.545181 0.618942 0.629867 0.639639 0.630360 0.482551 0.451060 0.451060 0.490473 0.597845 0.564976 0.547987 0.543760 0.562467 0.557949 0.701168 0.172084 0.142547 0.137556 0.138384 0.670091 0.669755 0.670592 0.000000 0.000000 0.144259 0.144263 0.665849 0.000000 0.148384 0.460372 0.480042 0.452084 0.461288 0.447517 0.439903 0.423096 0.422683 0.445687 0.458886 0.128678 0.132551 0.139075 0.145693 0.489935 0.151208 0.542924 0.448907 0.450584 0.468823 0.538104 0.539455 0.498555 0.466594 0.489062 0.552399 0.592607 0.613562 0.601372 0.602987 0.597053 0.571996 0.555214
0.478731 0.609050 1.719600 0.633950 0.640059 0.559228 0.535449 0.516880 0.649546 0.652290 0.822688 0.000000 0.000000 0.938980 0.767628 0.799263 0.146420 0.145225 0.144704 0.144438 0.144153 0.667816 1.222935 0.663498 0.663712 0.142915 0.139522 0.136395 0.134698 0.429480 0.456040 0.515917 0.476713 0.447365 0.427110 0.436436 0.429675 0.413308 0.435798 0.453546 0.441587 0.414925 0.414827 0.132712 0.135361 0.133041 0.140708 0.479786 0.460234 0.449017 0.485841 0.472680 0.459383 0.448442 0.479044 0.537349 0.596491 0.656778 0.694572 0.694572 0.666769 0.604864 0.580136
1.047536 0.631724 0.164442 0.645202 0.583940 0.576637 0.569345 0.577452 0.699050 0.877941 0.000000 0.000000 0.000000 0.000000 0.915314 0.634338 0.674863 0.144700 0.140994 0.143630 0.136299 0.143260 0.000000 0.426798 0.420584 0.418914 0.428124 0.427022 0.440070 0.441738 0.443494 0.477685 0.489108 0.440006 0.425941 0.457807 0.427671 0.415662 0.428040 0.438862 0.439572 0.423889 0.413578 0.421012 0.416398 0.416781 0.131743 0.133675 0.134038 0.137505 0.467898 0.467898 0.491989 0.502854 0.493831 0.504006 0.567883 0.589126 0.622608 0.603159 0.615588 0.589544 0.567279
1.160758 0.786274 0.714273 0.674804 0.602685 0.569345 0.574941 0.630621 0.805723 0.000000 0.000000 0.000000 0.883982 0.807815 0.173581 0.683311 0.672668 0.138752 0.136733 0.135178 0.432357 0.424969 0.423591 0.420434 0.421205 0.414914 0.413981 0.436580 0.481362 0.487437 0.459880 0.463705 0.451408 0.454513 0.436411 0.434871 0.424588 0.418205 0.430789 0.435020 0.437612 0.432550 0.421011 0.421011 0.436212 0.458221 0.427668 0.420981 0.413208 0.130642 0.132636 0.145554 0.509405 0.465440 0.480107 0.474034 0.499500 0.554206 0.588333 0.600040 0.663909 0.619146 0.594817
0.816754 0.916262 0.823771 0.728472 0.648905 0.604144 0.602980 0.686681 0.901580 0.000000 0.000000 0.859380 0.798026 0.157440 0.143517 0.145223 0.671876 0.428258 0.138271 0.135297 0.427604 0.425028 0.422197 0.432014 0.429799 0.431069 0.433558 0.421054 0.500440 0.517170 0.505212 0.479876 0.450025 0.458752 0.458752 0.443522 0.427157 0.418104 0.413849 0.415998 0.426753 0.444575 0.447214 0.435628 0.465435 0.434575 0.437401 0.439859 0.565666 0.584705 0.128864 0.133769 0.140368 0.138182 0.139930 0.139593 0.475528 0.547568 0.601670 0.675336 0.984767 0.889406 0.688851
0.935350 0.996018 0.914904 0.798811 0.783626 0.702359 0.688409 0.751745 1.004754 0.909636 0.796208 0.736381 0.154186 0.676508 0.152818 0.674469 0.668135 0.436891 0.135114 0.134461 0.426855 0.429544 0.434733 0.448801 0.441375 0.421730 0.421730 0.457584 0.418509 0.456633 0.535948 0.543413 0.506815 0.454896 0.451511 0.442387 0.431055 0.427993 0.423070 0.412721 0.426570 0.432832 0.444602 0.440767 0.434606 0.563961 0.132512 0.904817 0.555214 0.575798 0.131295 0.418483 0.131591 0.133115 0.134653 0.133483 0.137728 0.510229 0.701690 2.258550 0.863165 0.993643 0.900192
0.991699 0.924448 0.948909 0.839487 0.862904 0.754795 0.784199 0.995101 0.916828 0.834458 0.665529 0.000000 0.000000 0.145353 0.141080 0.671649 0.666507 0.496435 0.496435 0.433473 0.131265 0.133236 0.439903 0.454767 0.467908 0.444671 0.414486 0.453546 0.421637 0.431297 0.545876 0.590124 0.541277 0.483767 0.469277 0.441754 0.435088 0.432909 0.420930 0.418498 0.419093 0.420679 0.430009 0.428772 0.442495 0.571664 0.570688 0.555118 0.544001 0.565647 0.572335 0.131958 0.131355 0.419451 0.433728 0.439148 0.137598 0.132704 0.138226 0.183375 0.145002 0.565620 0.598817
1.564316 0.739393 0.754533 0.788126 0.837915 0.823344 1.007731 1.082924 0.807754 0.807754 0.675709 0.482520 0.143069 0.671594 0.138421 0.140144 0.666927 0.000000 0.542829 0.436097 0.413162 0.131911 0.437445 0.458751 0.476257 0.452183 0.424500 0.432438 0.484242 0.410630 0.538319 0.613108 0.614688 0.565228 0.534194 0.469313 0.439881 0.425290 0.426343 0.426624 0.425022 0.418682 0.423189 0.421188 0.566593 0.566747 0.570785 0.555095 0.544001 0.555697 0.560536 0.557909 0.938669 0.417150 0.444645 0.470616 0.454901 0.458125 0.448554 0.132093 0.131918 0.912100 0.502108
0.622735 0.454741 0.523107 0.591450 0.639643 0.711194 0.804431 0.938890 0.614243 0.559947 0.488821 0.143256 0.140187 0.139342 0.139378 0.141636 0.000000 0.537375 0.505404 0.429406 0.413638 0.132962 0.438001 0.469086 0.439969 0.446284 0.442313 0.408118 0.485845 0.431630 0.481184 0.569008 0.551490 0.553041 0.571797 0.530246 0.467415 0.446140 0.434399 0.430397 0.430229 0.428915 0.419317 0.565686 0.566450 0.424277 0.453495 0.437892 0.454118 0.428004 0.551918 0.551368 0.133718 0.416070 0.441292 0.521526 0.517189 0.444934 0.466046 0.137694 0.130995 0.952845 0.952845
0.441903 0.461251 0.470651 0.501286 0.559072 0.617127 0.792126 0.812847 0.454635 0.143419 0.147145 0.677311 0.141618 0.135557 0.138909 0.667834 0.586739 0.525203 0.499165 0.428462 0.422172 0.135267 0.143302 0.482416 0.438846 0.441730 0.441690 0.419975 0.455786 0.470233 0.439411 0.522661 0.479876 0.478295 0.505598 0.501752 0.480658 0.464169 0.452124 0.428789 0.428602 0.433999 0.416439 0.415733 0.420974 0.946202 0.446298 0.443884 0.455003 0.431114 0.459606 0.931600 0.893474 0.437539 0.437213 0.433725 0.596634 0.581646 0.445630 0.458604 0.521423 0.129748 0.998884
0.458263 0.455951 0.441578 0.525001 0.562880 0.585909 0.640488 0.528926 0.147048 0.677311 0.000000 0.000000 0.141258 0.138807 0.665649 0.000000 0.496313 0.562462 0.516743 0.445787 0.432725 0.135381 0.147125 0.495068 0.455811 0.439653 0.439252 0.428641 0.438428 0.463875 0.453497 0.536883 0.450438 0.488771 0.491670 0.485090 0.476713 0.478592 0.439704 0.430889 0.427980 0.425041 0.419036 0.910682 0.946379 0.450126 0.447914 0.445549 0.453834 0.464241 0.431776 0.431164 0.424149 0.448568 0.457584 0.451921 0.581390 0.599185 0.469338 0.560454 0.826395 0.131641 0.519473
0.450978 0.445304 0.465711 0.471207 0.530346 0.512518 0.456956 0.147633 0.677479 0.611199 0.000000 0.144800 0.135494 0.666013 0.150091 0.662795 0.480749 0.589617 0.572922 0.458451 0.135864 0.136014 0.477029 0.497797 0.477840 0.447949 0.440696 0.424138 0.422957 0.436477 0.457096 0.502341 0.508686 0.487861 0.446661 0.442431 0.446163 0.446163 0.443402 0.437528 0.431500 0.426601 0.419699 0.414868 0.416781 0.450126 0.446466 0.421031 0.442905 0.434165 0.428684 0.427511 0.428178 0.444582 0.454464 0.458114 0.543907 0.578011 0.614651 0.598579 0.584105 0.131725 0.151555
0.620904 0.465229 0.468398 0.458405 0.483543 0.459731 0.466914 0.146410 0.145631 0.672856 0.141455 0.136359 0.144276 0.664261 0.665799 0.433843 0.434629 0.523701 0.570212 0.442789 0.132660 0.135876 0.481010 0.483922 0.493259 0.462313 0.449392 0.425290 0.425290 0.420248 0.424552 0.468448 0.484438 0.525394 0.497400 0.446701 0.474272 0.445251 0.443289 0.436762 0.426242 0.423931 0.419307 0.418361 0.420802 0.438667 0.455607 0.421114 0.438804 0.427182 0.426693 0.431431 0.453559 0.492323 0.454610 0.461850 0.472292 0.461706 0.145775 0.137752 0.590581 0.568953 0.135806
0.631322 0.470326 0.467859 0.447846 0.451772 0.572885 0.470343 0.146082 0.145631 0.144765 0.138842 0.663617 0.661838 0.657972 0.461927 0.423614 0.432983 0.437441 0.537583 0.489108 0.489108 0.415537 0.130212 0.134499 0.468203 0.475857 0.468948 0.453559 0.434628 0.412969 0.413867 0.444087 0.463257 0.475534 0.475382 0.487437 0.478411 0.447623 0.440056 0.433910 0.430833 0.425481 0.427063 0.431797 0.442640 0.864509 0.450804 0.445057 0.458832 0.430781 0.436591 0.468634 0.472266 0.558435 0.458027 0.444792 0.459358 0.429117 0.134193 0.593969 0.584201 0.851988 0.128516
