FB/MTT/SampleData/Outputs/NoBarriers_INTENSITY.asc
NCOLS 84
NROWS 94
XLLCORNER -2098.000000
YLLCORNER 3210.000000
CELLSIZE 30.000000
NODATA_VALUE -1
[rows 52 to 77 of 94, columns 0 to 59 of 84]
47.627216 47.106312 43.937817 64.004921 74.471001 81.254028 98.612724 65.049850 4.024296 111.355003 0.000000 0.000000 3.687761 3.550092 107.228806 0.000000 56.644955 74.350716 61.836502 44.853279 42.045391 3.362362 4.028886 56.336491 47.074783 43.522419 43.436218 41.187382 43.259220 48.904171 46.556835 67.195961 45.876980 54.790237 55.499161 53.897163 51.894325 52.340065 43.533504 41.658592 41.049599 40.439129 39.207428 211.947449 230.424805 45.807964 45.319817 44.801270 46.632202 48.988197 41.845181 41.716312 40.255005 45.463833 47.473885 46.205868 79.897758 85.309814 50.164894 73.775070
45.996624 44.747684 49.325897 50.600193 65.430084 60.742668 47.332424 4.059210 111.415077 89.072029 0.000000 3.891753 3.368484 107.356499 4.207517 106.232201 52.854168 82.376137 77.389473 47.669708 3.388485 3.396608 51.969063 57.013767 52.161491 45.327641 43.747181 40.252651 40.009476 42.841999 47.363964 58.151142 59.759888 54.568718 45.044788 44.122650 44.935612 44.935612 44.333282 43.066547 41.786949 40.762508 39.342346 38.364574 38.750286 45.807964 45.001961 39.614426 44.225330 42.350101 41.196556 40.951889 41.090912 44.590275 46.772915 47.593407 69.121735 78.891731 90.169373 85.122093
92.175186 49.215015 49.946701 47.659172 53.524185 47.959492 49.603271 3.986408 3.940490 109.768745 3.698967 3.415376 3.861174 106.743614 107.281479 42.281883 42.448559 63.661011 76.595947 44.200287 3.217149 3.389152 52.916615 53.615566 55.890003 48.546894 45.645718 40.490627 40.490627 39.454357 40.338062 49.958336 53.739864 64.109108 56.914841 45.053566 51.318409 44.736286 44.308743 42.902683 40.688004 40.210014 39.262661 39.070324 39.567535 43.310505 47.029209 39.631386 43.339981 40.883236 40.781651 41.772606 46.570667 55.659634 46.805557 48.441372 50.853771 48.408566 3.948971 3.491678
95.570702 50.394676 49.821877 45.305050 46.172886 77.378525 50.398796 3.967053 3.940490 3.889729 3.552016 106.518784 105.899033 104.558777 48.458858 40.144722 42.099880 43.047955 67.386620 54.872349 54.872349 38.499271 3.089494 3.314940 49.901531 51.692062 50.074322 46.570751 42.448326 37.983986 38.163708 44.482365 48.762600 51.615871 51.579803 54.465752 52.297070 45.255928 43.609219 42.295959 41.646725 40.530243 40.858574 41.849590 44.167912 189.279816 45.958000 44.693748 47.755814 41.635868 42.866344 50.001579 50.847836 73.198532 47.573753 44.636028 47.874947 41.287037 3.298563 83.703621
48.998608 47.577244 44.988590 50.648502 112.591232 112.475998 3.971611 3.439393 3.408682 3.848310 3.351390 3.766215 3.766215 101.563416 44.663990 46.633522 50.082035 58.198708 38.551769 67.399544 65.236305 37.961273 2.926953 3.245455 52.122173 51.434940 46.481262 44.731613 42.162754 37.808693 38.681198 55.347092 58.189678 59.444462 49.949062 60.000515 56.699181 45.053493 45.707176 45.080017 45.467926 45.835243 47.671078 48.192852 48.406521 51.545593 51.601192 201.004990 56.319649 48.973701 46.607216 46.879772 51.768528 67.314117 47.615215 45.467926 44.284203 3.115434 79.800697 3.629982
40.295574 51.639267 49.603271 49.603271 46.045139 111.548714 4.324450 3.433377 3.510992 3.655268 3.304958 41.882687 44.143978 49.299427 52.718220 51.117035 51.555996 81.129906 39.663261 67.994110 55.891331 38.373066 41.591000 3.187042 4.427825 54.389931 45.952805 42.387806 42.004276 39.418377 44.406311 56.139610 47.504875 48.241871 60.959728 59.118687 46.963932 45.996735 48.202991 48.254040 49.202980 50.077194 50.152122 50.081203 50.670559 52.278053 53.143280 55.447712 207.871750 55.346119 49.969437 48.011944 57.936550 61.426888 46.783237 42.625488 76.042152 3.011580 80.741600 81.438660
42.496346 108.330879 92.586021 49.686646 76.875862 14.093390 3.598345 3.389264 3.684256 42.153999 43.168419 48.126541 52.530048 54.057526 53.647903 50.808926 57.698872 101.517128 39.134674 66.365082 51.595623 39.670628 51.138947 3.107843 4.412092 60.232368 47.922676 42.833076 43.917198 44.051083 42.476582 47.198799 47.991348 58.800980 59.444462 60.959728 48.782093 49.070160 46.409897 48.787163 50.685173 51.012928 195.157990 191.873337 50.999516 52.023994 52.995609 54.915127 56.171070 55.851952 51.806206 47.354633 61.103611 57.611141 48.411304 41.492607 41.492607 37.915955 2.957464 80.786789
56.588100 92.268150 93.017105 14.528081 109.331032 0.000000 3.703221 3.425511 3.846157 54.159004 51.745224 55.877716 54.962994 55.191597 54.417263 44.963394 72.634216 100.071129 39.157612 68.079491 46.468224 45.945377 54.966194 37.328457 3.926165 67.490761 55.950794 49.773430 47.174297 47.632000 45.243988 48.509975 58.800980 58.491318 60.959728 50.144154 50.147709 47.434776 60.792904 65.790703 63.087540 72.671928 70.293060 49.609402 192.297897 51.185509 52.995609 52.995609 54.110580 55.382614 203.425308 211.892456 58.310936 65.360855 223.842102 53.121956 190.480759 190.881073 2.977442 3.039924
94.609177 41.589870 49.023998 0.000000 0.000000 0.000000 3.447482 44.609055 105.248566 66.598877 59.651722 83.417923 81.072945 53.787712 49.553680 39.532982 80.503265 85.441116 39.072117 65.737747 45.040234 46.736408 55.655376 41.776543 3.520072 5.232630 67.532661 57.578243 50.457424 46.387840 46.965893 61.229000 59.945030 59.444462 55.786728 46.417461 53.216824 54.225674 121.957924 121.957924 115.091286 143.883194 120.916954 87.069809 68.582962 67.407806 46.738319 195.759079 198.992386 4.270423 209.285706 226.149277 5.180957 252.366562 253.066895 61.655910 3.360967 76.848633 37.715237 38.379528
53.908520 46.427086 75.697296 4.280161 4.305021 3.939800 3.536007 45.226963 53.034615 63.560703 66.432388 62.454170 55.814278 49.039341 42.589584 38.476486 75.369370 71.194878 38.614693 60.859524 45.040234 41.416775 53.906975 52.364994 2.917974 4.052598 77.192009 72.343842 76.005569 65.843300 52.444016 72.446976 76.005569 69.712029 62.804081 45.150970 52.905022 80.572128 77.737076 92.307381 108.125656 134.429031 11.244929 159.760941 104.834251 67.407806 4.248627 3.382679 179.762390 188.264236 207.697708 5.168016 249.296463 288.055847 90.445160 64.886978 70.698776 40.096436 3.069832 39.667633
46.785667 46.739670 46.041088 3.563845 3.478713 3.790354 47.175270 48.811474 53.657162 67.379578 69.475899 65.573341 51.754089 49.776226 39.817898 39.547142 62.289841 56.258144 39.534859 52.122379 46.902760 38.497490 38.497490 42.377144 53.740513 50.875286 3.062332 4.556223 74.476295 78.634598 74.983498 76.969574 80.412743 94.273697 94.209770 73.023094 85.199379 79.188812 58.822250 77.880478 103.886627 477.211487 12.662919 244.531174 201.557281 132.281281 125.680977 85.022308 174.243973 3.346053 181.468491 233.996918 5.720374 83.413124 87.500084 64.502701 50.876553 44.936718 41.349258 41.975208
47.046661 47.585873 3.488612 3.510278 3.624911 3.795151 4.352509 56.403179 62.255001 64.591530 67.552544 65.407066 47.238071 42.309402 42.309402 43.024208 38.582817 46.193928 44.129463 41.770119 44.922073 45.248055 38.556332 37.428383 46.057091 54.587505 42.482059 3.368932 67.129059 71.847710 83.900139 70.659317 69.769058 73.277664 89.499138 88.648331 57.487339 53.079044 59.961418 90.183891 129.289429 173.824905 206.109818 0.000000 0.000000 0.000000 257.257904 139.819794 90.653198 84.902649 79.995140 196.430145 70.122154 76.585869 5.625904 64.065399 56.838585 53.310429 48.106686 46.962975
48.069042 3.658700 3.453345 3.465339 3.588898 3.912626 3.912626 114.842354 62.472107 73.290062 92.599495 61.700043 55.327263 45.361755 42.338600 42.303780 38.722385 39.065147 38.332470 40.374062 41.860672 41.257053 38.517643 37.905575 40.127834 49.266636 52.112740 2.973960 4.186903 75.147461 75.734413 83.199310 81.312119 80.431709 75.148476 62.034615 55.215252 52.769711 85.550980 111.207550 172.167450 182.300232 0.000000 0.000000 0.000000 290.020996 0.000000 0.000000 246.396759 105.948135 88.096390 81.205841 63.130981 65.860535 72.138603 218.280594 4.567229 56.073765 52.278053 50.382000
52.810318 3.330543 3.893953 3.496574 3.586663 3.518159 4.146557 86.626457 73.453423 138.490417 122.977837 82.723465 53.007793 43.314190 43.508614 43.699352 38.891792 37.577541 39.660976 40.679573 40.590256 39.328060 38.529655 39.532982 39.696682 44.590275 56.475033 45.820385 3.126997 4.927687 84.284554 89.336143 95.988403 95.988403 77.830193 69.088898 69.231308 78.008942 69.116158 86.869148 126.051804 172.235352 0.000000 0.000000 0.000000 0.000000 0.000000 0.000000 0.000000 161.478607 103.746948 88.019447 69.225708 68.251419 65.940414 211.120743 206.099487 4.261538 4.261538 195.894043
40.736172 39.741238 3.652687 3.915058 3.511073 3.825692 48.483421 63.429092 87.545738 128.901550 183.684967 140.781631 62.428780 45.122578 43.580002 42.839890 40.016327 38.325718 39.345463 40.312443 39.961742 40.058910 39.586224 39.532982 39.758114 42.931740 52.712925 52.751320 40.026283 3.327579 5.238617 4.302555 5.386882 85.554131 84.717567 89.207291 95.722336 85.932030 44.260479 3.615322 5.133070 116.086990 197.317490 0.000000 0.000000 0.000000 0.000000 0.000000 229.004272 700.540955 700.540955 115.226135 4.138907 84.805870 78.394234 69.177734 65.853081 66.636971 201.321899 4.323221
40.429344 51.560963 3.487432 3.695356 4.110302 69.920723 51.091858 49.600140 61.420906 47.889492 137.102234 209.408142 102.256973 54.677670 44.964760 42.090790 40.784809 80.745903 79.724815 40.246037 80.995171 79.533432 3.292329 38.611916 40.324673 43.723392 51.262756 55.020813 48.544346 3.005532 3.286192 38.575459 3.441655 4.248994 4.459490 4.480402 4.289289 47.578690 3.369443 3.321081 3.335002 3.335002 4.048961 7.227215 166.695816 213.414520 175.128082 190.633438 0.000000 0.000000 677.132507 117.550270 5.114735 89.304962 83.678482 78.918854 71.138496 67.528564 190.557663 202.967041
49.491539 4.089132 3.782606 3.562706 4.522597 75.781357 60.261097 49.292831 47.545002 58.143486 42.221371 107.630562 169.969971 83.144516 51.177353 43.535786 84.194519 81.178802 79.659058 81.020653 41.767895 3.597920 3.428794 40.488594 38.359634 39.396515 50.501427 53.206059 47.976189 43.899220 39.527885 46.569077 43.385132 43.385132 41.785358 41.513931 3.424856 3.666835 45.648151 45.088551 44.323673 44.880428 42.724464 3.356478 4.814529 136.604248 98.215149 109.375710 165.892166 212.049606 178.686371 128.187256 102.781548 98.282394 89.849945 85.459221 81.844093 76.218918 171.819473 184.595078
4.363148 109.888420 3.692640 3.426693 4.856958 85.209389 79.230621 55.613811 61.878506 54.601788 47.615215 43.549835 105.888046 146.293839 77.101051 49.488003 90.029396 86.076500 85.531174 41.511780 42.259529 42.977470 41.672634 43.771687 42.748116 42.748116 41.004005 42.072643 46.916504 44.069641 44.416515 46.621498 49.562237 193.789856 49.434971 48.300533 47.338924 46.867085 47.236206 195.397034 48.410000 192.017838 191.449371 46.054043 3.066096 4.397235 6.106642 548.203308 580.975769 192.820862 0.000000 157.577759 120.741135 104.644943 97.376518 92.675156 87.769875 83.296875 78.791725 162.364334
3.437150 3.239567 3.276686 3.477474 60.315830 82.705200 90.282967 77.084465 59.357590 49.066807 55.414139 41.235767 49.244247 90.437515 97.250977 68.873672 60.792904 60.884140 240.372025 46.535530 44.174316 43.188046 43.571621 44.455021 45.722160 43.789478 42.384537 37.485443 39.925529 42.423603 44.339306 45.582161 187.573822 190.622543 191.585815 49.048061 189.662979 46.594452 191.407349 188.550125 50.115818 192.033386 197.087585 55.090153 51.409050 3.166317 3.707303 111.022995 575.469238 142.453033 0.000000 656.306152 117.732124 93.710678 90.778862 89.910774 89.910774 86.745316 83.703621 82.905632
3.098126 46.577744 3.130033 45.355949 58.972645 73.047081 80.966087 83.887711 83.887711 66.428314 51.001488 40.069588 43.426060 42.994865 48.584106 58.706108 44.396999 249.090042 235.818268 214.238281 42.024105 42.232670 42.927635 44.220360 43.161633 43.502823 42.480106 38.719055 38.511650 41.730541 44.074249 47.122509 48.156178 192.756500 192.552292 50.903656 50.003586 49.936768 155.139633 47.128582 176.224884 188.659607 53.985191 216.566376 227.299530 48.110577 3.213897 5.502872 106.520340 361.430847 118.652069 113.604660 103.718285 102.737305 89.560425 86.041100 4.114044 4.189157 85.234512 85.303398
45.081860 49.563587 48.272629 41.798969 48.482899 56.270767 60.261097 64.785500 67.699257 57.521225 42.897968 38.312870 38.403450 43.481346 44.447933 45.460487 43.437801 43.261139 41.382961 40.416855 79.447586 3.221625 41.620552 41.687290 39.287674 40.054775 41.457787 40.508362 40.600147 42.545864 45.716908 46.182182 48.135521 194.885300 50.116539 184.489548 49.412174 160.690628 147.534500 154.396027 161.934814 177.406631 54.920784 215.866638 238.986633 67.605614 63.382889 3.570915 9.786095 576.965637 163.646713 142.166260 128.187256 168.018250 110.962540 91.048531 4.164053 87.404556 85.586708 84.063072
39.508781 46.615788 46.745464 43.288067 53.144924 55.511059 55.043545 58.303410 59.154362 52.309872 40.970806 40.289646 38.471790 44.554008 41.812996 241.049240 46.225780 87.083931 3.678019 80.749817 79.056778 79.523773 3.144842 37.980671 38.744251 39.309345 41.196247 42.977821 46.705822 45.985439 45.829483 46.286755 47.050842 49.576542 49.090370 192.570511 48.583176 147.831833 180.103577 186.162872 190.307907 194.987946 200.851273 213.110092 70.620972 267.991760 579.328552 46.181549 5.793943 196.452698 310.863770 0.000000 0.000000 0.000000 304.540527 187.204544 114.297150 96.672127 91.588821 87.480034
40.452694 50.505714 49.524437 46.870773 56.647503 54.366390 51.229477 53.398560 55.823147 81.631447 79.690659 3.093651 37.892906 44.693066 42.359524 43.913425 46.091942 56.630135 4.737859 4.062413 83.224876 80.742783 3.082583 38.162045 39.834522 39.585014 39.924034 43.266861 53.578178 54.579849 49.344604 61.013748 57.362965 62.420876 59.773994 54.630718 78.051025 194.817383 80.686890 3.559851 175.961380 179.575363 190.025589 218.453873 218.453873 5.495292 269.156342 265.832092 68.062515 40.986927 5.159393 12.692974 292.828461 17.028086 379.640533 336.848022 189.479492 121.527428 100.723038 4.609256
42.739902 55.008839 47.276695 49.845028 61.435444 55.217411 47.428394 48.001602 53.999043 4.058391 83.929741 3.086831 37.601845 42.143959 42.553268 43.020878 205.236572 227.539627 850.665466 4.873404 4.119936 3.393377 39.648708 38.862442 41.150158 40.068665 38.547775 40.977951 48.975956 61.475845 63.507755 69.014374 72.529655 80.774658 91.681160 91.681160 85.292221 114.487595 169.362625 117.550270 85.987816 167.512878 164.925980 166.802704 65.228821 232.214462 257.192017 278.446686 74.157997 54.414021 46.700298 40.320053 6.612034 4.437912 630.888672 297.439392 246.726822 159.474106 118.890663 98.843796
44.500229 42.543865 42.350101 55.610275 90.784874 52.758789 41.072903 42.730114 51.746113 4.088828 84.305771 3.188078 78.178772 39.298351 39.896774 39.908329 204.791336 222.605743 810.609680 4.276922 4.118309 44.384964 43.042877 41.143242 41.334122 40.109375 39.303349 39.303349 40.488594 43.072662 51.860855 53.344448 64.356003 72.442596 83.233604 105.370651 111.301018 156.432281 177.205093 561.569885 111.405746 86.397591 81.178802 164.923523 162.134338 198.117981 227.014679 266.438049 74.157997 56.045094 198.218231 198.807724 43.385132 3.420766 63.063667 127.343292 162.777695 164.502502 129.150772 102.781548
49.330875 48.106682 41.607479 63.143764 63.911674 46.392265 40.581303 42.680840 46.840736 85.716209 3.852989 83.933327 205.644073 218.989655 39.601929 38.593185 38.423923 39.042446 39.042446 41.411003 3.679523 3.771792 215.181824 214.387039 43.048626 41.979031 39.770702 39.160088 39.053688 40.026638 42.306438 43.041740 55.454765 62.661137 74.248032 96.063522 109.244865 119.905746 154.579514 177.205093 147.110580 304.638336 84.519455 80.033760 164.168320 3.780419 210.150360 268.311340 84.554695 55.257004 48.604137 199.340744 204.846222 3.455351 46.728367 75.270882 97.155945 8.253533 131.276413 114.244698
