FB/MTT/SampleData/Outputs/NoBarriers_SPREADRATE.asc
NCOLS 84
NROWS 94
XLLCORNER -2098.000000
YLLCORNER 3210.000000
CELLSIZE 30.000000
NODATA_VALUE -1
[rows 28 to 55 of 94, columns 0 to 62 of 84]
3.036885 2.729704 2.729704 2.507624 2.130376 1.208287 0.654443 0.535940 0.486240 0.420633 0.429408 0.413484 0.301539 0.288583 0.516373 0.858211 0.499225 0.968734 0.654563 0.349187 0.322897 0.366048 0.533395 0.882892 0.755111 0.513844 0.617298 0.576514 0.791818 0.640199 0.548796 0.649360 0.547635 0.476157 0.354273 0.469530 0.491207 0.542155 0.082301 0.287933 0.468067 0.000000 0.000000 1.407514 0.081420 0.298199 0.330432 0.332814 0.695321 0.546056 0.573593 0.553249 0.472680 0.251818 0.244245 0.239391 0.074500 0.079394 0.086307 0.344234 0.429408 0.756920 0.709956
0.000000 0.000000 3.097824 2.048936 1.098260 0.540687 0.522476 0.507044 0.474307 0.394322 1.010930 0.552435 0.412780 0.346937 0.438312 0.457455 0.689186 0.872524 0.831209 0.360040 0.314243 0.308263 0.306442 0.316015 0.963711 0.852716 0.501680 0.542394 0.651250 0.432104 0.602075 0.586511 0.564006 0.462334 0.086989 0.086950 0.092463 0.084306 0.085531 0.000000 0.000000 0.000000 0.096115 0.079668 0.270618 0.335451 0.782272 0.753670 0.299716 0.255746 0.499720 0.558192 0.267545 0.260098 0.251361 0.251361 0.243220 0.069101 0.074809 0.079118 0.077551 0.094502 0.403466
3.099489 1.201332 2.057312 4.837628 1.311429 0.476714 0.548158 0.486637 0.397079 0.361940 0.511650 0.667027 0.653190 0.564043 0.512163 1.071539 0.965263 0.386680 0.501667 0.379654 0.386725 0.379346 0.260178 0.273998 0.347708 0.449454 0.478899 0.461025 0.440819 0.474375 0.431187 0.090020 0.093711 0.093580 0.083667 0.082553 0.082489 0.079721 0.000000 0.000000 0.000000 0.081632 0.454694 0.482600 0.299801 0.732627 0.732627 0.358252 0.744814 0.589897 0.247429 0.280055 0.280919 0.273967 0.269075 0.274557 0.272109 0.252327 0.069059 0.072615 0.069383 0.074922 0.080493
0.424899 0.560823 0.655520 1.412445 1.572278 0.726726 0.324922 0.352010 0.362754 0.331873 0.515489 0.664142 0.653190 0.640583 1.105566 1.161353 0.903123 1.191197 0.570470 0.333064 0.583136 0.658994 0.329100 0.288595 0.296914 0.393747 0.384568 0.428521 0.438491 0.476203 0.087896 0.090778 2.083380 2.083726 2.074694 2.072932 2.063064 2.038673 0.000000 0.581980 1.970123 0.082297 0.272942 0.463462 0.311382 0.847384 0.744522 0.369411 0.726580 0.345723 0.259426 0.262225 0.260479 0.274823 0.278729 0.281929 0.285594 0.275170 0.258639 0.068785 0.247608 0.071125 0.071535
0.650222 1.249724 0.600834 0.512883 0.854195 0.922349 0.581398 0.359657 0.364114 0.347404 0.378755 0.535071 0.554935 0.747625 1.038897 1.161353 1.268454 1.425594 1.308085 1.085776 0.584706 1.122980 0.463606 0.372498 0.299509 0.336278 0.355676 0.400324 0.085986 0.086551 0.090199 0.000000 0.000000 0.000000 0.089878 2.067679 0.000000 0.000000 1.898367 1.373965 0.505952 0.251135 0.267197 0.285987 0.371360 0.500104 0.816714 0.786820 0.438614 0.463136 0.321670 0.253120 0.407259 0.260655 0.279803 0.281929 0.296792 0.291406 0.279440 0.256886 0.257657 0.247172 0.068609
0.592400 0.717941 0.897995 0.356582 0.334535 0.556279 0.590700 0.463276 0.427548 0.323041 0.302096 0.406212 0.440234 0.408777 0.555562 0.678990 0.759145 0.818339 0.971309 1.120410 0.949251 0.949251 0.595022 0.421842 0.480733 0.293897 0.298596 0.319786 0.092491 0.091068 0.000000 0.000000 2.070069 2.056792 2.045624 0.087299 1.957022 1.901060 0.262655 0.258569 0.254705 0.243001 0.388240 0.432945 0.384758 0.527444 0.614118 0.652111 0.670358 0.653137 0.495401 0.295308 0.467387 0.404129 0.448881 0.280792 0.295252 0.297804 0.292979 0.277304 0.271884 0.250504 0.239363
0.635744 0.497407 2.214038 0.496692 0.301093 0.380575 0.591759 0.578678 0.774140 0.361762 0.332783 0.582510 0.437051 0.437051 0.504198 0.540756 0.645839 0.519678 0.409704 0.624986 0.727203 0.697813 0.407410 0.314954 0.359845 0.292663 0.080469 0.083203 0.092037 0.000000 0.943810 2.073268 2.057421 2.016178 1.996493 0.073494 0.265979 0.506345 0.256201 0.478629 0.462469 0.425584 0.403620 0.253427 0.342306 0.418499 0.589802 0.647091 0.659503 1.235619 1.030506 0.388298 0.564485 0.417167 0.403374 0.263544 0.280792 0.521594 0.295474 0.294566 0.279591 0.262960 0.241723
0.267157 0.654563 1.045262 0.678152 0.273086 0.273086 0.247399 0.321610 0.315075 0.658164 0.807050 0.623304 0.593510 1.060389 0.544318 0.464778 0.374814 0.536679 0.465040 0.554330 0.565059 0.378755 0.330352 0.470590 0.393541 0.398959 0.081163 0.084188 2.089561 0.000000 0.000000 0.000000 0.000000 0.000000 0.076446 0.076658 0.285323 0.269761 0.267416 0.439916 0.430999 0.393097 0.396240 0.372106 0.274276 0.280633 0.333258 0.455382 0.540277 1.114401 1.045632 0.813431 0.419138 0.469315 0.404013 0.415134 0.262225 0.495086 0.276651 0.284077 0.290347 0.277673 0.244883
0.558024 0.816823 0.245626 0.933519 0.761252 0.611773 0.496072 0.287881 0.254241 0.289238 0.335491 0.531492 0.571272 0.702175 1.626064 0.506444 0.461091 0.742387 1.043071 0.688929 0.413087 0.372256 0.369867 0.434606 0.472109 0.465700 0.086997 2.093025 2.077597 0.000000 0.000000 0.000000 0.000000 0.551562 0.252700 0.074761 0.087911 0.321713 0.340411 0.268264 0.250142 0.397660 0.247284 0.245825 0.258310 0.259066 0.276865 0.368624 0.537213 1.330568 1.259659 1.101524 1.194393 0.700763 0.436474 0.244465 0.255737 0.255737 0.448556 0.270740 0.280793 0.308034 0.284039
1.229581 1.188430 0.441450 0.736307 0.508511 0.476548 0.420387 0.354796 0.497617 0.264613 0.249110 0.276144 0.302474 0.382658 0.546823 0.456960 0.730470 1.262596 1.182977 0.462839 0.336341 0.531703 0.378106 0.457375 0.089196 0.087621 2.092271 0.000000 0.937810 2.067679 2.028405 0.000000 1.715450 0.640931 0.255455 0.239544 0.078118 0.117380 0.459946 0.317566 0.268264 0.251235 0.245626 0.245958 0.258025 0.266714 0.263069 0.288444 0.677360 0.677360 1.083273 1.578524 0.961962 2.626426 1.096582 0.593702 0.416252 0.405431 0.448556 0.266566 0.472843 0.307127 0.590365
0.590377 1.231951 0.495908 0.385813 0.532732 0.686367 0.444094 1.796742 0.635576 0.628596 0.594838 0.302156 0.279147 0.351508 0.647150 0.507830 1.754673 1.540278 0.605255 0.364054 0.299540 0.556886 0.502290 0.536995 0.087781 0.090796 0.000000 0.611137 0.000000 0.000000 0.000000 1.985690 0.791235 0.317819 0.243774 0.447491 0.074174 0.104660 0.453336 0.416208 0.416208 0.285076 0.263897 0.250044 0.249301 0.247445 0.270499 0.504140 0.544761 0.581466 0.614676 0.784307 0.961962 0.717305 0.946444 0.796602 0.505965 0.407068 0.399327 0.266566 0.279591 0.297283 0.579413
1.124227 1.273601 0.690507 0.329182 0.409984 0.366759 0.602875 0.671597 0.652853 0.715389 0.693172 0.690090 0.393599 0.407534 1.231824 1.702688 1.409618 1.068584 0.543175 0.317142 0.485511 2.110090 1.465950 0.087130 0.090778 0.000000 2.075417 0.000000 2.056787 0.000000 2.001797 0.693316 0.693316 0.385678 0.304714 0.246097 0.447284 0.400735 0.070580 0.090665 0.456223 0.356761 0.286978 0.246236 0.246360 0.247645 0.253014 0.269961 0.628007 0.694330 0.654613 0.313216 0.629136 0.630772 0.971781 1.287603 1.036341 0.551215 0.258780 0.409996 0.268274 0.294092 0.604302
0.579971 2.763116 2.269074 0.476353 0.275391 0.275781 0.576711 0.693492 0.716284 0.677240 0.692631 0.656919 0.642229 0.579928 3.016828 1.860404 0.771714 0.608338 0.505126 0.310289 0.494470 2.099462 2.108305 0.090053 0.090053 0.000000 0.000000 2.067679 2.057526 0.000000 0.000000 0.566545 0.356395 0.373810 0.520671 0.257265 0.246661 0.312913 0.502241 0.074515 0.378723 0.480830 0.352150 0.283762 0.241017 0.473293 0.506870 0.466729 0.569499 0.850389 0.660682 0.570613 0.524441 0.826726 1.800832 1.871353 3.752179 2.845648 0.566516 0.242148 0.783778 0.291083 0.448556
0.537994 1.068547 1.008084 0.583322 0.495668 0.288977 0.243750 0.270402 0.798566 0.717155 0.744536 0.653975 0.758320 1.303458 0.931276 0.931276 0.471779 0.095649 0.088765 2.123277 2.096476 2.079317 0.000000 2.060282 0.000000 2.056799 2.057670 0.085074 2.043022 2.012760 0.283899 0.317220 0.314610 0.578115 0.299112 0.266585 0.241360 0.502241 0.312878 0.071182 0.076390 0.104579 0.437833 0.341805 0.279590 0.355107 0.500660 0.427954 0.482874 0.726047 0.793464 0.552513 1.127196 0.604126 0.714419 2.403944 2.703805 1.119505 0.697878 0.708838 0.876812 0.767439 0.268032
0.441099 0.970275 1.007892 1.042196 1.009606 0.338318 0.292152 0.292152 0.350509 0.899816 0.795729 0.744628 0.732196 0.788064 1.382047 1.272508 0.130503 0.086663 0.080202 0.081255 2.057952 2.055710 2.061293 0.000000 0.000000 0.088942 0.088946 2.029735 0.000000 0.094563 0.305424 0.334505 0.293597 0.512076 0.479425 0.276671 0.254205 0.253666 0.284640 0.506298 0.069373 0.073994 0.082140 0.090874 0.349673 0.098520 0.437141 0.482666 0.291483 0.530435 0.715741 0.719654 0.606295 0.524967 0.581479 0.757723 0.882763 0.952033 0.911395 0.916724 0.897226 0.817379 0.766141
0.332522 0.936879 1.944986 1.022148 1.043682 0.466181 0.424162 0.392833 1.077604 1.087526 1.801186 0.000000 0.000000 2.400974 1.549377 1.691554 0.091863 0.090242 0.089540 0.089181 0.088799 2.042788 1.187367 2.014187 2.015599 0.087150 0.082714 0.078737 0.076624 0.262618 0.299211 0.653136 0.550032 0.479071 0.259478 0.271952 0.262877 0.241595 0.271089 0.295665 0.278979 0.243654 0.243529 0.074189 0.077445 0.074589 0.084251 0.334118 0.305225 0.482925 0.573186 0.539968 0.507491 0.481580 0.555897 0.713560 0.895388 1.103860 1.246629 1.246629 1.140691 0.922938 0.842878
0.848052 1.014363 0.118231 1.061999 0.512129 0.498308 0.484711 0.499839 1.264167 2.074569 0.000000 0.000000 0.000000 0.000000 2.271363 1.023511 2.089945 0.089534 0.084623 0.088101 0.078617 0.087608 0.000000 0.259066 0.418908 0.248775 0.260819 0.259361 0.276900 0.279186 0.281604 0.552475 0.581596 0.276812 0.257937 0.503712 0.260219 0.244596 0.260708 0.275250 0.276218 0.255242 0.241937 0.251491 0.245538 0.246030 0.073017 0.075364 0.075810 0.080137 0.316382 0.316382 0.589071 0.370028 0.593876 0.620800 0.804655 0.871531 0.982813 0.549481 0.958881 0.872875 0.802795
1.060034 0.977826 1.324778 0.701328 0.548542 0.484711 0.495126 0.605325 1.721416 0.000000 0.000000 0.000000 2.105729 1.731149 0.132983 2.147238 2.075192 0.081725 0.079163 0.077218 0.266458 0.428461 0.425447 0.250742 0.251742 0.243640 0.242450 0.272148 0.336508 0.577287 0.304714 0.517926 0.292644 0.297036 0.271919 0.269837 0.256158 0.247861 0.264361 0.270038 0.273548 0.266716 0.251490 0.251490 0.453486 0.504705 0.260215 0.251451 0.241468 0.071696 0.074096 0.090687 0.380589 0.312780 0.558581 0.543335 0.608797 0.763121 0.868981 0.907010 1.130080 0.970970 0.889937
1.062108 1.363669 1.082044 1.382697 0.644129 0.551434 0.549126 1.216043 2.197925 0.000000 0.000000 1.980404 1.685867 0.107561 0.087949 0.090239 2.069883 0.435702 0.081111 0.077366 0.260130 0.256736 0.253033 0.265999 0.263042 0.264734 0.447508 0.251546 0.366178 0.393314 0.373810 0.557998 0.290697 0.303092 0.303092 0.281643 0.259540 0.247731 0.242283 0.245026 0.259006 0.283098 0.286765 0.270859 0.522137 0.269438 0.273262 0.276611 0.797842 0.857374 0.069591 0.075479 0.083809 0.080998 0.083241 0.082807 0.327706 0.445309 0.546536 1.172791 2.662792 2.133917 1.224415
1.426181 2.729374 2.269154 1.689474 1.620436 1.277212 1.222705 1.480531 2.781683 2.240846 1.677529 1.415540 0.102786 2.101030 0.100814 2.087293 2.044914 0.455022 0.077139 0.076330 0.259141 0.262703 0.269651 0.288981 0.465236 0.252425 0.252425 0.503179 0.414427 0.300056 0.425022 0.437997 0.628344 0.297581 0.292788 0.280079 0.441911 0.260645 0.254171 0.240850 0.431978 0.267094 0.283136 0.277854 0.269480 0.792622 0.073945 0.616800 0.766141 0.829235 0.072477 0.248219 0.072833 0.074679 0.076567 0.075129 0.080420 0.381928 0.763498 1.376400 1.999418 2.715242 2.190575
2.703709 1.390292 2.456506 1.127424 1.998103 1.493623 1.623014 2.723913 2.279537 1.857676 1.136083 0.000000 0.000000 0.090415 0.084735 2.068368 2.034093 0.600704 0.600704 0.267955 0.072442 0.074827 0.276671 0.297397 0.316397 0.283232 0.243094 0.295665 0.421192 0.442452 0.442323 0.523992 0.724947 0.340174 0.531552 0.279208 0.270129 0.267197 0.419656 0.248239 0.249006 0.251059 0.263321 0.261678 0.467806 0.816347 0.813319 0.765853 0.732904 0.797784 0.818431 0.073276 0.072549 0.249469 0.268297 0.275640 0.080255 0.074179 0.081054 0.149837 0.089940 0.477844 0.540918
2.027783 0.855502 0.894041 1.640731 1.874446 1.804311 2.799627 3.273732 1.730861 1.730861 1.174199 0.564702 0.087354 2.067997 0.081302 0.083518 2.036882 0.000000 0.729476 0.271494 0.241409 0.073219 0.273322 0.303091 0.548888 0.293737 0.256043 0.266566 0.569093 0.397653 0.429119 0.569375 0.955838 0.796501 0.704482 0.318466 0.276641 0.429163 0.431477 0.258837 0.256728 0.248476 0.424570 0.251721 0.800686 0.801160 0.813620 0.765785 0.732904 0.767590 0.782196 0.774249 0.668069 0.246503 0.283196 0.320390 0.297588 0.302192 0.288635 0.073439 0.073228 0.405622 0.368835
0.588990 0.297361 0.403195 0.526555 0.624309 0.786156 1.715421 2.400471 0.954333 0.780411 0.580856 0.087603 0.083574 0.082483 0.082529 0.085464 0.000000 0.713636 0.374120 0.262519 0.242014 0.074492 0.274077 0.318131 0.276761 0.285470 0.467387 0.392384 0.573196 0.265484 0.336238 0.808126 0.755014 0.455041 0.816760 0.693216 0.526977 0.476224 0.449398 0.263838 0.263615 0.437156 0.416170 0.797904 0.800248 0.255750 0.493455 0.457292 0.494930 0.260660 0.756287 0.754650 0.075417 0.245118 0.278573 0.400550 0.656642 0.283595 0.313666 0.080377 0.072118 0.446049 0.446049
0.279413 0.306693 0.320443 0.367525 0.465898 0.577520 0.993715 1.754673 0.496156 0.087820 0.092855 2.106459 0.085440 0.077690 0.081926 2.042914 1.541789 0.406714 0.364153 0.261267 0.253000 0.077328 0.087664 0.338113 0.275228 0.466049 0.465958 0.417590 0.298849 0.319824 0.460746 0.671839 0.557998 0.554007 0.625070 0.614779 0.559976 0.519055 0.490218 0.261700 0.261453 0.448500 0.245591 0.244687 0.251442 0.679780 0.476591 0.471004 0.497030 0.264796 0.508026 0.657181 0.600113 0.456491 0.273007 0.268293 0.895857 0.847653 0.284561 0.302880 0.668384 0.070633 0.494234
0.302391 0.299083 0.465700 0.678393 0.789324 0.515891 1.045204 0.689469 0.092722 2.106459 0.000000 0.000000 0.084968 0.081796 2.028405 0.000000 0.600384 0.472061 0.392607 0.284779 0.266951 0.077471 0.092828 0.357687 0.498949 0.276329 0.460384 0.261503 0.274658 0.310498 0.493460 0.712215 0.291278 0.580726 0.588240 0.571260 0.550032 0.554757 0.276399 0.264495 0.260629 0.256753 0.415563 0.625524 0.680056 0.485522 0.480348 0.474852 0.494258 0.519230 0.265680 0.264862 0.255584 0.481875 0.503179 0.489740 0.846843 0.904206 0.318503 0.781948 0.327311 0.072893 0.397131
0.292038 0.474284 0.313176 0.321266 0.693499 0.643816 0.501680 0.093526 2.107595 0.944082 0.000000 0.089668 0.077612 2.030821 0.096944 2.009553 0.335577 0.523015 0.491355 0.302660 0.078073 0.078260 0.329957 0.361987 0.331179 0.287790 0.277756 0.426641 0.254025 0.272009 0.502014 0.369208 0.633400 0.578378 0.285994 0.280140 0.285301 0.285301 0.281477 0.273434 0.265310 0.258806 0.249789 0.243581 0.246030 0.485522 0.476979 0.251516 0.280792 0.268886 0.261562 0.260008 0.260891 0.283109 0.495750 0.504446 0.732627 0.836180 0.955712 0.902216 0.855463 0.072995 0.099011
0.976972 0.521634 0.317117 0.302593 0.567307 0.508327 0.525749 0.091849 0.090791 2.076452 0.085226 0.078692 0.088964 2.019227 2.029402 0.448149 0.269511 0.404191 0.486316 0.280633 0.074125 0.078088 0.335974 0.340411 0.354852 0.308230 0.289810 0.429163 0.429163 0.250500 0.256111 0.529512 0.341200 0.679498 0.603245 0.286050 0.543928 0.284036 0.281321 0.272394 0.258333 0.255298 0.249283 0.248062 0.251219 0.274983 0.498466 0.251624 0.275170 0.259572 0.258927 0.265219 0.493606 0.589941 0.496096 0.513434 0.322876 0.307351 0.090987 0.080450 0.876215 0.807956 0.078000
1.012962 0.534137 0.528066 0.480192 0.489390 1.463739 0.534181 0.091403 0.090791 0.089622 0.081840 2.014974 2.003250 1.977897 0.513619 0.254883 0.267297 0.273316 0.427845 0.581596 0.581596 0.244436 0.071184 0.076378 0.316830 0.328199 0.317928 0.295683 0.269509 0.241165 0.242306 0.282424 0.309599 0.327715 0.327486 0.577287 0.554301 0.287335 0.276880 0.268542 0.264420 0.257331 0.259416 0.265708 0.280427 0.361018 0.291793 0.283766 0.303207 0.264351 0.272163 0.529971 0.538940 0.775837 0.302051 0.283399 0.303963 0.262136 0.076001 0.887181 0.855770 0.541184 0.069184
